"s.area"	"s.perimeter"	"s.radius.mean"	"s.radius.sd"	"s.radius.min"	"s.radius.max"
14342	577	68.1168877332447	10.6715402559222	47.6874377195066	91.2468790119608
9174	464	57.0361428610845	12.9653516666883	31.6851775674709	80.5695648978384
8338	475	53.2101394513972	10.8185686405319	31.7325277332817	72.5053439085068
6323	527	46.0634915355885	12.7315852569154	21.6882956340192	70.30238837175
3478	278	33.5224463624362	5.8596737725679	21.5527567598215	46.5400318151815
2923	372	30.786388299973	6.54309519466431	16.4359024360967	43.2682203110885
2179	203	26.1498360246234	3.63793020454052	15.42136617768	34.7616204876014
1611	168	22.3572087640061	2.3449043783101	17.505324951111	27.7395749911857
2304	286	27.2474136345869	4.93012933885713	15.3678520401021	37.0091120243375
2518	270	27.7183281476936	5.02089236516723	14.1004241635215	37.5343758306786
3022	336	31.7634676740974	7.98784805087112	14.8199383095691	48.6953561888254
3950	418	36.0597246274836	10.9634681276036	15.5809681659647	59.0161851499965
1558	198	21.7646065169483	3.08021525832696	14.4935037817727	27.7859974064682
1709	200	23.9520760594551	4.94504069165029	14.6359019195948	36.3822707510127
1744	200	23.5786090521192	4.47892232209073	14.7732342430492	33.0969552980331
2422	271	27.7211986445205	7.6488444911545	10.4146890503468	45.130651569804
1220	152	19.3706119371617	3.45164773086764	10.9347825076818	25.4008080075747
1534	208	21.68155545066	4.44295509605023	9.07220583094619	31.1228507967374
1836	240	24.8094037961922	7.93878449447437	6.17441095930979	37.3806770586237
1000	133	17.7490063349157	2.72880959418944	12.268918954895	23.7615041419667
2793	393	26.8107666153773	9.31281207623239	1.07427662900433	41.4024359653319
1099	140	18.2129322127891	2.32765499234083	13.3528908434673	22.8635638302608
1243	187	18.3539733418524	6.11942101605584	3.26214166555662	26.5682425984524
956	125	17.2149772636167	3.687611396712	9.54934971608013	24.2597213504195
1314	182	20.6306117872282	4.86104818104903	12.2674294824938	30.3962067789308
983	136	16.8876145064247	3.37481238520545	6.80883941047576	22.8789975613391
1274	200	19.6075483548072	5.32576027566937	3.97559115101141	28.9718022394189
1262	173	19.8806072881689	5.06322600282663	5.5530333113412	28.9490941445364
1278	190	19.5136917814862	4.92416893550144	5.49305529825569	29.3053789509207
871	162	17.3853872603735	3.66067412881593	11.6092075808553	26.7899165094128
694	110	14.5951696653388	2.14576984439127	9.18864732533693	19.3605588676934
1343	211	20.4254471943478	7.15125530157647	4.01147530759419	34.9075555112896
1174	208	19.5914049137178	5.49999661720807	8.14230207159793	31.1173178092286
642	124	14.0475787239494	2.71586538959927	9.12675581442552	20.5074556250228
655	101	14.3296063892737	2.88455360942769	9.17676513437801	19.9177802183523
969	180	17.676638196172	4.32196647145689	7.81923277787328	26.3893152012348
618	112	13.6876679330342	3.22137527654487	6.86170444442582	20.4374687948336
550	86	13.035700844102	2.20432253673669	9.51142889426193	18.1531552919172
815	118	15.5599489631022	3.52261488302631	6.49154755052209	20.826674220629
659	103	14.8234157138304	3.74782018920218	7.80632032434715	21.5673880949764
829	138	15.6450542278836	4.64359624009997	3.63991789885966	23.9002095556335
692	145	14.6401201025563	3.79720294531827	7.03732870084644	23.0607861382201
802	136	15.6341863885809	3.5977656895263	7.58503195610185	22.2245307846671
452	78	11.6652692171788	1.83894470495616	7.57365758952466	15.9100446276118
642	134	14.6222370991076	3.82838666232126	7.13280599507182	21.808102605999
739	165	15.5395272234683	4.64742678960637	5.13487508599379	26.358776981623
447	75	11.6605065400665	2.16128781212589	7.35219392804319	16.4855923628954
382	72	10.6488428710113	1.08150864102492	8.63225450859939	12.9610200263503
484	94	12.5921922844725	3.18837833314564	7.06314082771934	19.2954266671429
560	140	13.4525383606388	3.53483790328211	4.91918879159425	19.85586969197
581	137	14.2480588364881	4.07941196240008	6.31827195510722	23.3702532224445
963	187	17.6525278749816	6.62415344981274	1.44072746073544	30.155759205551
610	131	12.9903245521702	4.85572058770684	2.21069809368403	22.5884557041774
303	74	9.1421239888992	2.58774121929744	1.49169847943312	12.6483959896226
443	199	16.7627005534864	8.01024739197132	1.45400774821021	37.1860535784979
386	94	10.8660447083723	2.26068920313157	5.69987451514996	16.6828761525853
359	74	10.4581484428701	2.08862139413705	6.20766156367405	14.7756165987379
411	121	13.1520821582557	4.84508924685025	4.75367561676306	23.6110510013864
390	103	11.2014363655874	2.6029862759179	5.7322841792417	16.5577792226304
403	104	11.1971018497929	2.54453724294814	5.62329033847352	16.1550852317823
361	86	10.750417498149	2.67212643582694	5.55813953488371	16.3709863526608
239	53	8.29858769981105	0.931593930231641	6.40470857407514	10.3459731221071
236	54	8.3149858281214	1.11460979064894	6.15450363164963	10.6626792958807
291	71	9.38990042377142	2.10919293763323	4.4706497275354	13.7723218751009
296	73	9.46739824537502	2.35198124201186	3.98639551741192	14.2102936321405
217	51	7.91480655496501	0.862418064276615	5.70898103314024	9.58983907353837
283	59	9.1038056109994	1.631283348192	6.19337897433975	12.0297080315018
237	58	8.35730581192135	1.27316802009984	5.9899340851822	11.8736160718077
300	75	9.36064609673651	1.94520327029403	5.15827705946696	12.8662797869296
311	84	10.0363190977497	2.62921030234341	5.36434700787164	16.0509613941971
249	54	8.54003658514885	1.45138790094065	5.17992458011623	11.0912940561901
430	106	10.9180382743934	2.89513227633511	2.97624689295383	15.423258847998
364	84	11.1772103253202	3.8354346445634	1.76672442467516	17.8372905521091
286	62	9.02093656727557	1.52072673309344	5.23515690748559	11.3345217797235
275	69	9.04070549000222	2.02197194862941	4.50640748985357	13.2628017915959
389	98	11.0541454539369	2.98670452059926	4.12653868668337	17.9166937064133
219	53	7.93333390813217	1.22245465083628	4.95278526484565	10.5285723911959
352	76	10.3984973698812	2.6954856761429	5.02889848223229	14.508630061463
243	79	8.10250291319867	2.41844696738303	3.25798785421244	12.1689292580973
265	61	9.19428756095276	2.69389451290704	4.50625889797483	13.722476790127
242	59	8.70090816023466	2.5834033973849	4.52973831013315	13.4212033234659
286	71	9.09391786905736	2.29359682081166	4.29189388318756	13.4063496992832
195	65	8.01912529156948	2.2786679843634	3.28067679552351	12.9303367886322
271	92	8.70917001382392	3.6650850220035	1.46336000193873	15.113703424076
639	196	14.255988794661	5.58002055408781	2.44897959183675	25.2634597591149
174	55	7.27927058600202	1.87139976785767	4.33601103960048	11.7225924416794
152	47	6.57641877796938	1.11622702652445	4.08870630389067	9.58136867166967
83	36	5.03479601287574	1.84893916133302	2.13021328555969	7.83751858248921
435	111	13.5947454869761	5.4837450145186	1.19823206617445	24.4809853348939
208	80	9.36246034656124	3.2929553609286	4.80762740340805	16.6752295711334
193	49	7.60752334673962	1.7008141786615	4.21224687549393	10.6113225658846
244	84	9.26606969928384	3.52396041396831	2.62909328843137	15.8281767471279
155	42	6.71505584175306	1.10316905242934	4.53038369426183	9.47430586667588
160	46	6.79439635076996	1.19966778872864	4.36951113961778	9.42275330108757
130	37	6.10048332024462	1.16292789422845	3.79534912033341	8.39718899711824
167	55	7.11418357770631	1.70404340423603	3.20129106187016	10.0468489365432
213	84	8.08662692835158	2.56553050675089	1.09685439742971	13.4452414682887
144	45	6.5034879169232	1.82058272474608	3.23713026393425	9.55051546666525
126	43	6.00540447581352	1.66567995597446	2.58307089974719	8.92593161933927
229	78	9.61717203785659	3.98261863256347	2.64478820853042	16.5411695258638
131	41	6.38968171288697	1.43427856306128	4.23028372764988	9.818731870174
100	32	5.21562283813769	0.749617801147041	3.93911177329357	6.85686528688584
172	65	7.48284118937562	2.63171128785644	1.47948495755952	12.2958885705607
143	43	6.39236700671935	1.45223273225264	2.58003316248535	8.44301356722036
141	55	6.31836946040166	2.1028573453176	1.24382773647176	9.43792244963317
110	40	5.66758555901686	1.33803921139239	3.1722428973835	8.17392959353089
125	46	6.26507144241438	1.74897076162968	3.61680597271042	9.90359962055379
155	60	7.18905825502973	2.22097257605011	1.93254294188309	11.0121776027975
107	40	5.4570964554128	1.09034319199099	3.35875721063611	7.73183354709607
208	67	8.02995338637224	2.53742758401523	2.15256792565015	12.3973081823061
109	34	5.43017443734597	0.813630448871015	4.01079857264254	6.99777522727674
107	38	5.43678189600845	1.24309321113833	2.79121097836793	7.62277168747997
170	75	9.02100108484091	4.25155990778929	0.774022681264008	16.325413045651
194	58	7.35664250291322	2.32507428235244	0.865853760654455	11.1351282904682
125	50	6.66935522328237	2.68717340446726	2.1997272558206	10.7814099263502
112	40	5.50952394322482	1.21429852961798	2.15537119772912	7.32772986674597
125	57	6.71957147527853	2.41360856619597	2.63327430769431	11.445711381044
155	51	6.61562774959877	2.2316149730642	1.87303658573939	10.2325140841776
116	43	5.73659257485522	1.44377103539363	3.19629991600529	8.80314733038686
117	53	5.91001148756239	1.88986407384039	1.31399889407401	9.77048832711201
201	78	7.66156276979196	2.61091793808917	1.96023922113508	13.1674218943018
231	77	9.63216865195851	4.03637634214039	3.0526387723489	16.5476613749781
164	49	7.13875913468635	2.38614295468421	3.00298338398633	10.6472929883613
121	62	6.10408748132353	2.48418546303013	1.49339510117042	11.0367963689419
123	50	5.9236211429411	1.89428418007994	1.90850727009355	9.02232785926114
96	39	5.2055446952027	1.22391387595446	2.78627235019613	7.51881269740765
89	38	5.27369245357791	1.46820278865733	2.98344926705413	8.5196936597158
230	72	7.73916650574651	2.78920858172722	0.141639430933168	12.4885750257121
190	95	8.71364447174459	4.79777661087369	0.633330903431213	19.490916983953
104	34	5.43882328858237	1.39499743532759	2.70668146767841	8.01301925048546
58	23	3.85820816951116	0.475143043349692	3.12378520811931	4.65054827346804
69	34	4.49918563582462	1.45535399748242	1.31434723361791	6.92551823101827
201	70	8.23710299559148	3.25330782297622	3.22850821682746	15.0454685021431
79	30	4.58939832385623	0.775801179059457	2.96685392667419	5.78523023646328
108	40	5.59194634701454	1.60238448947523	2.13600093632934	8.15245361839
106	48	5.57618912790337	1.81090549138853	2.00043398069297	8.96298328930968
66	23	4.22056941258752	0.558173394774993	3.24459707944447	5.31253822403683
146	54	6.66257747252507	2.39247069322437	2.00855509080834	10.9981916458451
126	45	6.52400799579576	2.15550656683804	2.37393250863532	10.3554601807721
68	25	4.23444012944901	0.501913130045289	3.24616697044377	5.25524499904623
137	56	6.55163617210073	2.63787748997082	1.50943038992892	11.4202117863417
87	30	4.90462269034424	1.04094435694198	2.85676584814215	7.10125184582111
87	37	4.90979508762805	1.23107019260687	1.92424081203539	7.28196587653546
103	42	5.49983211693298	1.493040839559	2.08139365485845	8.22590620417097
140	64	6.5459488432901	2.72281790334553	0.697722298805191	12.2379764016054
93	33	5.08381665420546	1.15572840001268	3.12870533312496	7.59391762796464
105	39	5.59795075261767	1.72507952759486	1.74528575130686	8.56168398214544
89	34	5.08680358012116	1.79045921935108	2.12295087442575	8.45269760998305
89	33	5.01764242185432	1.15729612252225	3.4376246951255	7.7439511036712
103	44	5.25943559019557	1.53573497084732	1.26233582518169	8.11580057716212
110	38	5.4615883959047	1.2105261349343	2.79951024604825	7.82676882559503
82	36	4.60649256672288	1.7289682388634	0.696663122443488	7.00688594293398
134	56	7.03393386019865	3.29233400885467	1.70252663379334	12.3724358299951
103	44	5.77112002606686	2.18157197666227	0.725138915161086	9.74811912351717
111	56	6.1077464877172	2.05542442733176	0.278937488425236	10.1174858738801
59	24	3.85917540828442	0.324081867715045	3.49429097878873	4.48628310643799
102	44	5.65921925540291	1.81863455211677	1.13112428528445	8.15795130050966
65	32	4.18326312861977	0.861682712331121	2.3864853865046	5.73980073695943
108	41	5.56767201732675	1.82270833272682	1.52882282382577	8.63886463335777
98	42	5.18025203983787	1.56075746368389	1.95557230460776	7.82641900661596
102	41	5.83982923989225	2.14493288987841	1.90071842142624	9.70808306819697
92	38	5.35825838820042	1.92868218421737	1.51858295223724	8.31553963648681
70	33	4.59952332514731	1.57270551236559	2.06149713353878	7.64801900324608
94	37	5.27949156899612	1.70673487608721	2.46005338834023	8.3454453007661
57	24	3.82626090740949	0.674695175276245	2.57154568736828	4.79021717206589
183	78	8.85828545193214	3.63897690952785	2.0080377605016	14.1550538317921
77	35	4.76080656821047	1.58437086067805	1.22890360957749	7.68273973240781
107	41	5.86887975951436	2.35515014901402	1.47656691391855	9.30039370252731
59	25	3.90265733127196	0.80477683532095	2.000399960008	5.10701478360892
124	55	6.16276216784742	2.5885696902075	0.102851895445383	10.2837752337287
48	21	3.47783807842255	0.368693391968095	2.87139303460601	4.35421447260811
96	49	4.82230096745355	2.16266236530971	0.849332736599345	8.70883546044191
98	47	5.56261729956781	2.09761239939513	0.382978723404221	8.90361343933169
46	20	3.38203725346442	0.334400981127208	2.69258240356725	4.03112887414927
60	26	3.96479139571028	0.835217906785608	2.4741264670885	5.53017542548936
130	51	5.78034557451591	2.10949417389597	0.610682804015596	8.35841669011259
90	44	5.08131699381764	1.60253887050536	1.66468546156625	7.8565719713177
69	27	4.38484823658854	1.25029172550908	1.98761597999987	6.35571095381116
99	48	5.66730260959007	1.79824293662213	2.4584216085845	9.33196139470277
83	42	5.13977151971271	1.52640566627286	1.90624941916651	8.14835514751148
54	23	3.69862783532422	0.61080454523167	2.59416241568285	4.78576970637112
84	28	4.91692948611935	1.20154167123481	2.7687210633306	6.90404347658176
74	32	4.67911156298247	1.42057184125399	2.11255547264445	7.5763045493829
70	34	4.41099134304015	1.0559141440398	2.54118327885798	6.78137332857094
102	41	5.58176881306743	2.10075246118876	1.92327551255768	9.01172479712706
81	35	4.97690288193767	1.61404200109895	1.37202368040492	7.94604252673837
162	78	7.01909797667609	2.9022846796511	0.600241021062549	13.21232067006
72	30	4.4811883650698	1.06617475797396	2.62974438977549	6.72672943479143
50	20	3.59154637149718	0.332858320288719	3.08058436014985	4.22965719651136
45	22	3.3139515247045	0.381869696968	2.70674089653803	4.11859319639061
53	22	3.67825896856895	0.548625074653703	2.40951968739971	4.70844151366488
85	37	5.27192213014917	1.7671542467489	1.70933927576673	8.7951278098792
90	45	4.9944060306956	1.43711207517049	2.06331867403399	8.03406328326492
40	18	3.17091275058432	0.310719964088319	2.71086064416797	4.09795191242446
63	24	4.07330405349199	0.748980550871292	2.71057599454846	5.3398397812002
57	29	3.84083407001777	0.941551491632071	2.06349852418996	5.49131841031567
106	55	6.17140243767263	2.25595415342842	1.66976021438823	10.3768496310037
181	74	7.76173756050769	3.05458423133467	2.10034085375973	13.5199781834273
61	26	3.97818617061353	0.685487257434417	2.38833456865532	5.16015687115326
113	49	6.04395561260964	2.14362589973988	0.967829036847355	9.85393111152537
63	26	4.14996223883567	1.12778378090605	1.65429332058516	6.16177373986598
144	77	6.3556377740064	2.3185799160253	0.958314847499895	11.2531174818903
80	33	4.57861100004133	1.20244390979964	1.82146168813919	6.61147956778952
44	20	3.28398278501202	0.361188410313392	2.66176633084121	4.0478389296018
42	21	3.21850206689573	0.435886774122614	2.34496614328478	4.25091693456606
54	25	3.85689664118869	1.05884290581152	1.95017947891978	5.72041956503187
58	31	4.0541962341175	1.02949058068802	1.84577025818323	6.49221097391826
42	19	3.25355522772005	0.563405246326542	2.04993074675267	4.28486998674686
50	23	3.56023140585777	0.694011633697952	2.49687895919329	4.98864495127742
68	33	4.44513135306489	1.39665055830256	1.55286399700831	6.83922678062668
70	32	4.25109127793584	1.36233524569317	1.03550259536131	6.40388675922677
65	28	4.19381813174084	0.975412883966734	1.99904313845096	5.84286150890511
62	32	4.18734248003633	1.21044883922585	1.61081549610748	6.06998571353343
138	69	7.33226995914702	2.90174635107408	1.77511089612792	12.6441945720046
70	35	4.15026689263517	1.36538064719446	0.714856914468455	6.46724872897664
46	19	3.42277211823672	0.472957924520195	2.56656533478669	4.27451379036778
62	28	3.97713354167306	0.899977673116001	1.98591982492267	5.43279910565897
50	22	3.5204433714634	0.503162680646578	2.36232481094293	4.31051951769119
39	19	3.05901685744048	0.371834292718175	2.48764258907287	3.74572702077018
46	29	3.50637561156649	0.997131790005843	1.65696741748059	5.22797742144541
73	38	4.80715310399026	2.21318870468675	0.506194317412402	8.30620700393651
70	36	4.27597373170796	1.19282805516984	1.45826719426744	6.39564859788706
53	31	3.83663480602929	1.12501786963409	1.36135147393598	6.19430438934402
38	19	3.02762359803147	0.368014139422296	2.14308137594756	3.66536533610112
108	47	5.1611825626063	1.80676859440505	1.1903489983574	7.75090350900957
76	40	4.75648714245565	1.99316458518962	0.279508497187474	8.47514749134196
62	34	4.19234482710359	1.62363252213078	0.763007163004253	6.26332489611745
101	39	5.40721349959411	2.1518712160867	0.700333347884486	8.44306452616766
44	20	3.28941122139804	0.468800401600343	2.15870331449228	4.08166632639171
88	37	5.34387172227326	2.07589999786429	1.17342126195091	8.96079440545968
52	24	3.59772850233386	0.621458554213958	2.16105041331493	4.79619351384221
44	19	3.32409479025914	0.496782364158366	2.18087887948426	3.9561306258876
50	24	3.63668844324865	1.00356168501523	1.89754958945594	5.40993171039254
55	25	3.81823235464716	0.968453244057574	1.68617911266858	5.85176896331354
41	20	3.15483259710208	0.533414739449668	2.30488611432322	4.10030486671418
55	26	3.71377874476437	0.690708479872021	2.4258226201879	4.9029033784546
57	26	4.06133165928449	1.18094809696758	2.36874370617887	6.46851729350181
59	31	4.26997885107081	1.6606972532256	1.69715437909233	7.21845824522694
58	26	3.9846525234709	1.21859357568466	1.16976202505737	5.92120349992913
43	22	3.29232303022121	0.796083890392734	1.73978720081859	4.789149236892
49	28	3.63709939460944	1.04176941015548	1.72393119802104	5.15202555767525
42	20	3.26575445105273	0.521869586610784	2.23886131772376	4.34885042281285
44	21	3.26849258694318	0.482758720625675	2.3980339641932	4.05769055100433
47	25	3.41986467835506	0.810262662190139	1.92041662146521	4.5440070422481
65	29	4.24732636851905	1.25592244686083	2.12621931165078	6.15070348731123
39	20	3.09546611551089	0.636859111361303	2.1592822881689	4.3545952739606
65	29	4.36738810719216	1.32957739743052	2.09750432079248	6.49027444002005
35	17	2.89355511233767	0.312932975505379	2.30089496654207	3.42997170285017
50	23	3.62027735018762	0.83486199711171	2.30803642434561	5.29364565399116
35	20	2.90521215014405	0.589272740465229	1.66207701385944	3.8421998906876
42	20	3.20248298915797	0.504086008686865	2.50798724079689	4.08533964316306
46	21	3.39915206835338	0.671044233714329	2.29808162133587	4.57167658057412
91	53	6.53421505856046	3.01137219738212	0.651421754778557	11.8349423207957
29	17	2.56466020851639	0.395072181624456	1.96333167862101	3.33015996581607
59	27	4.06733092978553	1.43349177488136	1.98000983772199	6.74084249007458
34	18	2.83690045056979	0.612237976386456	1.7855731866654	3.9114425364627
73	40	5.16938838133007	2.15752723342479	1.87683243791241	9.12811590636313
54	26	3.84166608162895	0.985338347010842	2.43404112804563	5.98086198295628
45	22	3.38035489796486	0.627254890526407	2.36407338617187	4.60708222322652
38	21	3.00004675128346	0.453947900603969	2.35702260395515	4.06885187191125
34	20	2.94366571571951	0.78091750786976	1.7102631376487	4.83993801613197
57	27	3.96134496865674	1.2374732335015	1.46518818110016	5.83083426774315
65	34	4.27589040538362	1.48013840030412	0.415945165403923	6.31497369223051
40	19	3.14019624639894	0.499970857352433	2.38299608898363	4.07750398910447
63	34	4.37162992468281	1.36836245763271	2.02599883521111	6.31887653717342
62	28	4.27993722697925	1.60547360500959	1.40061939650908	6.86848021094642
42	21	3.24880779576676	0.682389968735186	2.03038148622168	4.74879146816991
33	17	2.77754545528007	0.324515713032976	2.22365390252179	3.29936556761889
40	20	3.14223964184702	0.664326751836094	1.94550764583438	4.22906609075812
88	41	4.91502210215997	1.83678772457628	0.419625622782549	7.64489230442279
45	23	3.35962134474849	0.839870813421551	1.65731465674314	4.69122174243268
79	47	5.07788219407575	2.15757515067947	1.08489776884951	9.1759620620728
41	23	3.45226078513474	1.04286458801016	1.61338915785031	5.62552245000751
42	23	3.2792705513922	0.786629141918595	1.87007071022661	5.08379686338905
38	19	3.02941514534103	0.512920159941865	1.94167018375757	3.95122618507863
29	16	2.56591698027002	0.407516932607716	2	3.16227766016838
36	19	2.97602949417787	0.723014408449079	1.9302232443045	4.63277496519273
157	87	8.12276447266938	4.00572087306058	0.701526184812265	17.0418066375234
100	45	6.1842896417656	2.6769235423228	1.37023022306388	10.9984735192246
84	40	5.19663981061721	2.14911253281636	0.571182982939781	8.58639912885492
35	18	2.89539833170823	0.483686315041539	2.2470831573507	3.86500602909463
68	36	4.53692169604415	1.53246216573067	1.61970885967924	7.17721015987494
114	56	5.83035409494147	2.52594076332841	1.06979041433929	10.0623851242017
49	28	3.62647264363971	1.25832827294147	1.35526185435793	5.82920164660087
125	56	6.85142416737099	2.8816386780097	1.07928665973297	12.083956411334
31	20	2.75320304374501	0.714053919471916	1.48660687473187	4.1
29	18	2.58847061355019	0.613987277241352	1.62636457425603	4.02499904148441
39	19	3.06533885260277	0.414203759923828	2.00276816741478	3.69359706516269
55	35	4.6524757968532	2.03163239395936	1.52074095796243	7.7991626970791
46	26	3.47933230485749	0.950327549858476	1.46457175112766	5.24686437777998
33	17	2.78439678600831	0.369334393832973	2.15409804983536	3.46310259518473
34	17	2.83577978858754	0.332568978689387	2.30615244516616	3.48451840461644
34	18	2.86437708073332	0.605253330177239	1.95394504389658	3.67213397103571
31	18	2.71852640589403	0.525624245182366	2	3.60555127546399
32	17	2.72831487268892	0.29276222463	2.16930457818661	3.36941258626337
29	19	2.74339266930304	0.813733563879402	1.20133812742243	4.0937761016063
47	24	3.453826069199	0.854872918008074	1.75791859247741	4.89117686360973
32	17	2.75274148412315	0.333160076339222	2.22676390949974	3.50037071689692
23	13	2.29802918790367	0.282857909744353	1.92768678248336	2.84615384615388
41	22	3.19978152446037	0.794501671782911	1.83233130643145	4.37899758331872
32	17	2.75785981752288	0.582104720040436	1.474113421899	3.7725102928998
38	19	3.0903987491507	0.61883243029753	1.78093940165142	4.26283299606664
78	38	4.24835580719057	1.63071431225619	0.670923620209535	6.75337199042054
37	20	3.00408589971522	0.665558342395446	1.54353490404331	4.12098289246633
25	14	2.37924736041177	0.289965441315531	1.84335541436627	2.71991896637996
74	37	4.47543987864896	1.8586912057992	0.547255587332911	7.34125897053507
34	18	2.84630570820202	0.444889347485412	1.72580272966762	3.55598955684559
31	18	2.70999594736369	0.658558837956147	1.37436854187249	4.06885187191119
56	26	4.00362208997101	1.23401187539877	1.76126971413158	5.87908236610576
31	17	2.79432893830539	0.524185813665358	2.09464633114879	4.04815306684358
72	53	4.46937335897438	2.24483801636249	0.871199726838937	9.79143485456619
29	16	2.60764829719779	0.44740402112796	2	3.16227766016838
21	12	2.15737865166653	0.111283511807396	2	2.23606797749979
27	14	2.55421225215278	0.373182364367684	2.01271468622933	3.17033443159601
28	16	2.57161578647889	0.480148150816564	1.91213231759729	3.55756236768943
64	34	4.12248006893551	1.4414653797754	0.718032683278461	6.73779814742419
35	18	2.96519118823374	0.678769207443913	1.7231180465856	4.1462462571212
35	19	2.96527756748945	0.594931384426777	2.00276816741478	4.10526315789474
38	18	3.0481247046111	0.439890539082268	2.0585563681832	3.66877044024422
37	17	3.01982680443495	0.418047507198665	2.4733877696034	4.14445057736672
28	16	2.57161578647889	0.480148150816564	1.91213231759729	3.55756236768943
77	116	11.2605654759274	5.94109195389897	1.10156088585953	25.3494131437018
66	29	4.2281230954054	1.41565144929471	0.570791219215435	6.42314853469019
58	33	4.14305194183765	1.37518555097615	1.80194772694766	6.77596356818126
66	37	5.07236608536699	2.1440353403624	0.715578502425622	8.93814471641142
45	27	3.72726733816486	1.45643249447897	0.852656624683058	6.09684080192852
69	36	4.67799897863746	2.11508360172516	0.784199678527343	8.22283218458232
40	19	3.14968866576393	0.667167354032927	1.87858613658686	4.07206550187039
41	21	3.34375817395692	0.910138214163576	1.52455338986494	5.18151257475632
38	19	3.04206160461895	0.513679602348965	2.11707214327563	3.99445599179164
71	35	4.73530667151575	2.05031936590587	0.173793215151391	8.0304014182839
52	25	3.88143413309098	1.2458206413751	1.72696265159384	6.20825257218164
36	17	2.98675931554001	0.557765812030055	1.83204841204678	3.78898421533834
63	35	4.66380975069172	2.25784370610314	0.486553896169309	8.35854689060536
32	18	2.73348012432732	0.373091839924968	2.12132034355964	3.53553390593274
33	16	2.83374262618507	0.30165622576331	2.4375	3.3825147819337
64	32	4.21354659503391	1.64706465157811	0.397747564417433	7.47717882125337
24	14	2.32997433103257	0.403802366787543	1.59719141249986	3.09047252182625
34	19	2.87489983941227	0.577311755887409	1.88667877146681	3.94456040474776
40	18	3.19176967827975	0.62923735914782	2.06155281280883	4.03112887414927
35	17	2.89725426474091	0.41640337880894	2.2142976734963	3.72868799805657
50	25	3.81782772925117	1.47193458745993	1.22376468326231	6.24320430548288
33	16	2.81955144366277	0.379314719644752	2.1286732957408	3.32133256389661
38	18	3.06217973339188	0.734657707419367	1.83333333333337	4.16666666666666
45	27	3.58480849637701	1.01005162527954	2.11241025653319	5.69756764697945
32	19	2.73929039653431	0.723870813391323	1.40438569096064	3.76600922526281
34	18	2.93757227439958	0.590816548860371	2.10011757460401	4.48075445587321
26	14	2.43536311089586	0.307435720386022	1.82527604845447	2.9837997963151
30	16	2.64997235090937	0.294994134544848	2.18303114957162	3.28110118710167
32	21	2.90798344094465	0.855477015454988	1.74639245913255	4.67540484138418
46	31	3.66100097820014	1.82244819271798	0.636228481397303	6.57597873764509
31	17	2.74748097583887	0.785772392491234	1.51805740006635	4.23692778949863
49	24	3.52384848815572	0.922815829266526	1.39256458058904	5.2382474274428
37	19	3.07424063699543	0.694667194695482	2.05532886208073	4.58982374328911
24	13	2.34506593534978	0.273185387426705	1.87161924009176	2.82214405043755
36	20	2.9840327840304	0.743672201868401	1.97294196569493	4.3002906878489
56	30	4.1132172423226	1.41629388260506	1.41735277503124	7.01490476691514
46	29	3.65698246371238	1.73131920235209	0.278008887872427	6.30610371894957
25	15	2.34777550359031	0.363860727732075	1.86785676348281	3.18677824072453
38	19	3.13042089737247	0.819377283501067	1.79256698588705	4.51344559463551
36	20	3.00437769617766	0.713242356222761	1.47139389695626	4.52382581450699
46	23	3.43272563475041	1.11737675937327	1.20254927703819	5.3253326883835
34	23	3.05070515310768	0.846098326922564	1.85891811534191	4.79799895277717
79	49	5.86016510638032	2.99881791838665	0.465377724530162	11.1360897443329
25	14	2.40850846008157	0.384794217150177	1.78714228617091	3.07889458032175
26	14	2.45596341746456	0.402642823226969	1.71725932573873	3.03886391231178
26	16	2.4326745424399	0.599531751089838	0.954021095154609	3.22647737478508
40	25	3.14007440920969	1.00196442283466	0.758946638440435	4.57558739398561
22	13	2.25089106515989	0.405288346184076	1.68705478457401	2.99999999999996
51	32	3.87947025075985	1.51796006567014	1.38807701965705	6.85031078218354
54	31	3.95605188905454	1.265082561793	1.73415226525362	6.51357343689268
37	20	3.11157281318228	0.869260966721111	1.73565549577093	4.48469619929823
30	17	2.65029441026906	0.463350692409202	1.69673001198302	3.36889907371207
28	23	2.48380661682783	0.904141679176765	0.523547590382244	3.88589616895726
28	16	2.54969308409744	0.495135261222325	1.5625	3.30777965559981
27	15	2.49985828052912	0.489486941765428	1.74483364377367	3.36319953483453
26	15	2.44209106308342	0.340868361113302	1.70880074906354	2.95296461204669
20	12	2.08847001616964	0.219123740800973	1.47431716774618	2.31090410397702
37	21	3.00429138196407	1.03634286550678	0.752923252420979	4.29786636935092
25	15	2.37024902153367	0.364733720719338	1.76509363931651	2.95221197673126
23	13	2.28054641793993	0.442219108320015	1.46356135311091	3.11134591017798
37	20	3.03027326408459	1.0559090609395	1.53378616501779	4.53348651701977
49	27	3.71988562178005	1.24525257626984	0.82817332499989	5.59602543649247
69	49	5.82875415760951	2.88654878916975	0.742026896436634	11.629466086887
47	27	3.81108341550227	1.58946458225574	0.597204277651733	6.38177274114456
60	29	4.34102390080969	1.70464329340762	1.27632796712561	7.4792618557752
25	15	2.40139326949307	0.43458706928408	1.64654520469711	3.21109188767792
42	27	3.46246582813508	1.7013912863994	0.341464609529362	5.76755981570276
30	16	2.72906632808178	0.737824150411355	1.50260191002141	3.84158984015733
34	17	2.94551459637251	0.786168817503788	1.53392997769477	4.18681403512339
37	24	3.3831387624638	1.36569982163131	1.43674497079724	5.75015096420178
34	20	2.85539190608275	0.879907417105421	0.650000000000021	4.2687820276983
52	35	4.03145558152859	1.49844088232917	0.667006715995904	6.54778354771707
24	14	2.3441493743749	0.451600822025955	1.58597166508388	3.08468898309856
23	14	2.26079515154475	0.469508185033013	1.47253772343491	3.05142990904197
28	17	2.53908733321807	0.667659402918422	1.15868915315244	3.52990192674762
36	21	3.11375877221692	1.07358226084472	0.878051853075492	4.76190476190474
27	16	2.48864136786045	0.517302273505239	1.59344359799775	3.45167531787102
25	16	2.36628540661666	0.494412150369523	1.28695376762338	3.22587197514099
19	13	2.0216413953262	0.416318505821367	1.28946573955698	2.62554587167326
26	17	2.39029992374366	0.72710439925984	0.588235294117612	3.39447954029485
23	15	2.37143688294131	0.641749690908491	1.1095544651395	3.60061723103745
32	18	2.75676216743328	0.865463912770099	1.17194572831829	4.27344658080713
31	19	2.96866062493636	1.06118436932402	1.23880024167788	4.88907425709745
32	19	2.76384052085314	0.906101192088452	0.896283492943435	4.15022610604553
22	14	2.18568811795387	0.408221755980361	1.18880835550667	2.64285714285717
26	16	2.43291575416119	0.482974826625878	1.42658902631417	3.26498947165224
35	19	2.92757008463465	0.751709699002516	1.26534897686009	4.20163534974049
25	15	2.42466076015153	0.530113382382849	1.28062484748654	3.35261092284809
22	13	2.25410584043929	0.457107961536257	1.39313617509804	3.0157378129096
29	16	2.65052177223488	0.708574685484093	1.28847050800552	3.69596486049313
23	15	2.25443064538598	0.391277421658987	1.68259059521664	3.08184648835377
24	14	2.34305753228335	0.479029388985979	1.48633228904886	3.08137923001755
19	12	2.05605681200763	0.42702764315585	1.08333333333332	2.61539247107917
19	13	1.99118313127664	0.343554907410363	1.41211998082203	2.58580558676492
20	12	2.11426846732386	0.292274534702489	1.66666666666666	2.60341655863555
41	23	3.2764618093934	1.25942807265348	0.76920895708494	5.16092633938226
15	10	1.80718796118904	0.337744982099501	1.27279220613583	2.19544984001011
22	14	2.21687510485921	0.498728458760778	1.40697968597096	3.09047252182633
30	17	2.67917595494465	0.537721331293506	1.81592341652162	3.63041744099039
19	12	2.03898371500081	0.292576426796589	1.58333333333326	2.55087131083561
29	16	2.62334053105652	0.67670392943746	1.40451281589026	3.56688326834507
21	12	2.18706958247874	0.465539086861944	1.4142135623731	3
31	19	2.73057285125827	0.658155437470197	1.54076643876885	4.08530913059472
33	18	2.85884872193185	0.876551202041261	0.94444444444443	4.5218946100276
25	14	2.39881993792932	0.411256967294038	1.64905662580226	2.97695228345361
31	19	2.68761118885014	0.666585422334145	1.67514004871994	4.23218115641569
24	15	2.33769359074876	0.518191093232497	1.34164078649991	3.25576411921997
39	24	3.69888394638284	1.61767384299259	1.27202812687282	6.67967480911726
25	15	2.40600356581312	0.57157886319395	1.34824989441045	3.25849317595998
32	19	2.76171906678023	0.788806234386425	1.38151628930593	4.10560052594868
29	18	2.60726752389576	0.581342006029384	1.40545673785259	3.7973349979189
23	14	2.28886825453838	0.385794265648488	1.61624407128349	3.07723703264831
27	16	2.57987437944002	0.634698303376464	1.45907719124109	4.0625
22	13	2.28180237737492	0.407626024310183	1.73546371887354	3.02748748525445
53	33	4.24335019922427	1.9938940829022	0.665287830306029	7.60901789666045
21	12	2.1957618928221	0.297240529289898	1.73405433722375	2.61539247107922
40	31	3.49093922930867	1.59428705247911	0.332117101322218	6.35614854685103
24	15	2.34583907238682	0.470620325642444	1.57338982949413	3.34796787453059
33	19	2.96063415494015	0.970060096972108	1.49699606877129	4.51068291811913
44	31	3.5538436210865	1.47004707029099	0.420593703561489	5.9310116391283
23	14	2.26001779226225	0.473235915500193	1.42320420322656	2.93205367882482
18	11	1.98722229851	0.317071463812409	1.22305673155217	2.3636363636363
21	13	2.12662231730833	0.419168667241657	1.412119980822	2.80004226510781
18	11	2.0478106161224	0.432015011026932	1.34225664183939	2.76040480921617
23	15	2.2708070052346	0.610183934454496	1.06666666666666	3.22559210757411
35	20	2.88424256419066	1.03857827384885	0.390512483795298	4.57739008606435
29	17	2.60241633859584	0.473253624388603	1.81592341652162	3.50679024959736
63	41	4.75178815058001	2.11167630849351	1.36520019211281	8.53745640155475
35	20	2.90238950225858	0.838829647293896	1.35000000000002	4.32695042726398
37	23	3.18395978449694	1.09234286977513	1.38926480944963	5.48670846266257
52	31	3.96801567830954	1.7899338041111	0.225806451612925	6.91324265720948
23	14	2.25957832682355	0.412087356067755	1.31319830791783	2.77929663690622
28	18	2.6817286662311	0.827571489716093	1.29576708774344	4.12460248739353
18	11	1.98050557061673	0.247120940303074	1.51302881609942	2.29983829830422
21	13	2.17138138336333	0.443108893539127	1.41839145496822	2.76174201092554
24	16	2.42137839743038	0.687651188072468	1.59344359799775	3.71336269437824
20	13	2.10631818566694	0.422857323589569	1.2403473458921	2.77350098112614
58	35	3.9884807003201	1.71636221532474	0.863783797590392	6.98388816330492
16	11	1.83850216070787	0.352196019962521	1.22305673155217	2.3636363636363
28	19	2.69930023069477	0.834959739122916	1.47462376064445	4.23218115641577
35	26	3.1897979817218	1.51805097958927	0.461538461538566	5.60747599034075
25	18	2.57164499534724	1.10731575927781	0.777777777777828	4.1825622721597
18	12	1.97132913144944	0.459438437356977	1.11180533867719	2.72080461955241
13	11	1.56704729332823	0.434730812855761	0.949118773537295	2.44780218506113
20	13	2.06010484149423	0.426618734950315	1.34340378435173	2.77989399993733
22	14	2.20417927362948	0.570322013506372	1.29362644830539	3.15581743348205
18	14	2.02553146364339	0.741810969371891	0.958314847499946	3.53409053624373
24	17	2.5155968131024	0.996780809339503	0.708329092870147	3.88458046614095
14	10	1.66047320709979	0.229845009742956	1.29999999999999	1.92093727122985
30	22	2.71843024638189	0.833575275159803	1.36741899604465	4.17316297982696
20	14	2.03266527158309	0.343906809615674	1.5	2.5
24	14	2.34363399391992	0.660265954835163	1.58113883008419	3.53553390593274
17	12	1.89405337966594	0.394483650525055	1.29368122468835	2.64706336237813
16	11	1.81587798179793	0.374971577785687	1.0946904162539	2.29983829830423
18	12	1.9377343588085	0.315201873978669	1.25	2.35849528301415
15	11	1.71680607651965	0.246660411163047	1.41128860875092	2.13006809342909
20	14	2.1323038909435	0.813918785958783	0.928571428571445	3.18558616013967
19	13	2.01558390128734	0.495089733849961	1.17669681082915	2.85549402973391
14	11	1.65818603026839	0.457271008236004	0.927094457016952	2.3636363636364
15	12	1.71676051329096	0.468401544266904	1	2.23606797749979
16	10	1.84573138021633	0.208028056003803	1.5	2.06155281280883
24	16	2.51507154280871	0.940931790595808	0.814900300650331	3.71336269437824
20	13	2.12541522616563	0.489904649995731	1.41839145496821	3.02748748525461
29	23	2.91337289404616	1.07733540503601	0.782608695652186	4.66758925077909
31	20	2.77344728652895	0.839934609862688	1.53378616501784	3.82785840908462
15	12	1.71944519299771	0.450810881079084	1.04416367384516	2.56715363345821
17	13	1.89508033833481	0.620485190962335	0.973008510821027	2.84615384615383
45	33	4.25394787729927	2.08791551203874	0.425323298412626	8.05091693812176
16	11	1.81587798179793	0.374971577785702	1.09469041625385	2.29983829830429
52	38	5.16911481225778	2.62982625466386	0.558242195673562	10.2749594765025
38	28	3.57757913035576	1.67382581894454	1.03817441812493	6.78806350312442
22	14	2.21620100570489	0.599050303044692	1.28769688409434	3.43526133040315
33	26	3.33657118411701	1.73345513291144	0.362845428156058	6.15636967489486
23	14	2.33178621636121	0.722465718672697	1.15175110689979	3.38664845460848
20	13	2.09279229953222	0.447327673885003	1.34340378435178	2.77989399993726
13	11	1.61550843566331	0.482812283307157	0.838140405208496	2.33018283963208
23	15	2.28146619673933	0.695557964532539	1.08525470640667	3.28295260059869
14	12	1.66998120989781	0.555324212339476	0.754615428178116	2.7208046195524
19	13	1.98697656442969	0.333310260928636	1.39313617509804	2.56051030416816
16	12	1.81312475273372	0.517816749999311	0.666666666666629	2.60341655863553
18	14	1.956021998479	0.589446629663216	0.73540215292763	3.11186013011309
11	9	1.41683715376238	0.302221626984693	0.949333749479723	1.88888888888897
20	13	2.09279229953222	0.447327673885008	1.34340378435172	2.77989399993738
27	17	2.4639118152415	0.586824914440544	1.32711931443271	3.53920210740967
20	14	2.05962501461351	0.465970463278169	1.40334876459918	2.87316933730268
24	15	2.33376570956255	0.551949928871392	1.30979218029253	3.2530327730015
18	12	1.96109377699187	0.426484437724912	1.21335164821344	2.73353657780946
21	16	2.23381774811978	0.869570019138814	1.09151557478581	3.70019002890392
10	9	1.30559831619746	0.350105027912362	0.785674201318433	1.98761597999987
39	24	3.33797795608635	1.38515957693346	0.384147685720551	5.75015096420184
17	12	1.8960687076064	0.384680401881014	1.1577036657875	2.55087131083568
15	12	1.844082517041	0.657794043509878	1	3
25	16	2.43755957620029	0.824255459474958	0.752599661174518	3.54491272812181
21	22	2.02751424844064	0.775883940886508	0.491666083017779	3.44646183404862
11	9	1.41683715376239	0.302221626984679	0.949333749479763	1.88888888888887
14	10	1.68917513277928	0.216072605390181	1.58113883008419	2.12132034355964
36	23	2.89181851640543	0.928621779410489	0.350532945578178	4.17979657793202
19	14	2.0298033525667	0.736996374503593	0.788954358370511	3.17033443159602
23	14	2.28005570446767	0.576158163547493	1.42857142857144	3.05393690377599
19	14	2.07489219203647	0.572254709592322	1.22890360957752	3.26390275965596
27	18	2.52994865423573	0.822508541449848	0.869581991249975	4.02499904148443
15	11	1.74865628182362	0.560448065823303	0.949118773537342	2.72878745814614
14	13	1.78514011213265	0.6942001392318	0.846153846153847	3.00394218304102
14	10	1.6628228286613	0.406226833779886	0.984885780179684	2.40208242989284
19	14	2.02865533009641	0.4649625842287	1.47253772343479	3.07474903571874
18	11	1.97988204996487	0.382338555087279	1.3906416855252	2.75140835462211
18	11	1.9721552131774	0.306716301355775	1.28564869306643	2.41551459192478
20	14	2.08765549629721	0.528629956416445	1.00254777482987	3.09459700320494
19	14	2.03508667195006	0.594407433361087	0.928571428571408	3.23011972988427
15	11	1.72159771136597	0.378865855875646	1.03652311372652	2.27272727272732
14	10	1.66832385059276	0.516425725098353	1.11803398874989	2.5
28	20	2.635001220508	0.783752874266738	1.09201648339202	4.11004866151238
13	10	1.60114776748255	0.355423447011634	0.781024967590661	2.19317121994613
14	11	1.72375993155997	0.64581843455764	0.655554777357084	2.82404083036529
12	10	1.46832385059276	0.306635075913475	1.11803398874989	1.80277563773199
10	8	1.33543744186955	0.27564803437159	1.00778221853732	1.875
15	11	1.73928477657317	0.463203937233292	1.01639453522717	2.40006886953524
16	12	1.78498066769175	0.472827916042335	0.916666666666686	2.27455734399269
18	12	1.98992057580852	0.512287345340604	0.971825315807485	2.63523138347363
16	12	1.81232422030574	0.493212629877794	0.897527467855673	2.60874597374977
13	11	1.6155084356633	0.482812283307163	0.83814040520844	2.33018283963206
18	15	2.11629698610674	0.859688806704684	0.669991708074795	3.74818474583216
11	9	1.41683715376239	0.302221626984679	0.949333749479763	1.88888888888887
13	10	1.60947887430484	0.359969100293921	1.13137084989845	2.16333076527843
16	11	1.80937420733418	0.338518433619077	1.43739893644019	2.57129738613289
19	13	2.16621488943277	0.629500158260101	1.17165740090215	3.44010458076893
15	10	1.82192099557174	0.361391596325776	1.36014705087353	2.49999999999998
20	13	2.11482942418609	0.586570161135074	1.25221696893081	3.23900050329656
18	14	2.01346486879003	0.690341558249468	1.08796758655199	3.14610222079219
17	13	1.87850596704442	0.484281882012893	1.00295421618502	2.77456750721098
14	10	1.66047320709979	0.229845009742935	1.30000000000004	1.92093727122988
24	15	2.3679845567688	0.737401010316356	1.30979218029255	3.7392809766347
16	11	1.8327603697978	0.38094836697849	1.10595682369062	2.43934688454524
16	11	1.85226414964457	0.373316827675626	1.4686813110367	2.67526163082947
12	10	1.53405252880204	0.420336578084824	0.984885780179581	2.40208242989284
13	10	1.56363059393859	0.308316988989021	1.02956301409868	1.96468827043883
18	13	1.93027507643767	0.566899821300077	0.80310050068543	2.87408333727222
16	11	1.81240252184763	0.346634932582268	1.10968687415764	2.34608870919336
24	15	2.34185510326214	0.603824116952915	1.34824989441049	3.26870684590171
17	12	1.89405337966594	0.394483650525049	1.29368122468833	2.64706336237808
30	23	2.85094943543931	1.18460045705051	0.184462638570474	4.81746193638372
25	18	2.6180329054946	0.915020071057927	0.80123361676978	4.16036560596647
39	28	3.79381798773508	1.74483382473453	1.34629120178363	6.61910114743686
14	10	1.66832385059276	0.516425725098353	1.11803398874989	2.5
12	9	1.53230595037308	0.381923598308726	0.916245694581701	2.12277479717143
43	29	3.44034237212848	1.5711282210288	0.20106730671881	5.83441754263706
19	12	2.00228550952007	0.388039895614075	1.5023130314434	2.56715363345821
13	10	1.6128990204492	0.445597071168589	1	2.23606797749979
14	10	1.68422233297727	0.365232984683212	1.06301458127342	2.30867927612305
20	14	2.18143537438726	0.671210384932563	1.07142857142867	3.18558616013971
17	14	2.04238303814431	0.821955169708548	0.931314629314705	3.50655363103816
15	11	1.71680607651965	0.246660411163066	1.41128860875081	2.13006809342917
16	16	1.9897600127055	0.815999443528114	0.5	3.35410196624968
9	8	1.20710678118655	0.207106781186548	1	1.4142135623731
13	9	1.62280392785857	0.182137526044087	1.37436854187253	1.88561808316411
13	11	1.56704729332823	0.434730812855761	0.949118773537342	2.44780218506113
16	13	1.94119933404973	0.620959982068935	0.832050294337828	2.74562589193457
25	18	2.4849133715193	0.824708316709324	1.14530711822712	4.10697990628359
18	13	2.01982637173717	0.608280831562937	0.92627650606092	3.02748748525461
22	14	2.20277340118616	0.46820712772804	1.58113883008419	2.91547594742265
11	11	1.46065757072507	0.544271556485573	0.45454545454545	2.47299463795191
12	9	1.52915165319407	0.32579083163633	1.05409255338944	2.02758751009939
20	14	2.25519099145605	0.821168480695729	0.557874976850509	3.48831869916423
15	11	1.8083535855367	0.466326726085569	0.935966376453302	2.6222191094284
13	12	1.64979203976404	0.62393696527961	0.7453559924999	2.74873708374513
13	9	1.62280392785857	0.182137526044075	1.37436854187254	1.88561808316414
22	16	2.32043897107632	0.792011194056161	0.822059152372869	3.61258650415461
11	9	1.41683715376238	0.302221626984686	0.949333749479743	1.88888888888892
15	11	1.74261653893249	0.39162513053563	1.12448335244115	2.52098629524762
17	11	1.89116337634021	0.276394004951226	1.37570417731107	2.27272727272733
14	10	1.67634217109377	0.346232473076413	1.08166538263913	2.18403296678415
12	10	1.60776872304636	0.514858944948893	1.11803398874989	2.5
17	15	1.95158683046314	0.702517661973732	0.405517502019896	3.12481110540218
13	9	1.62032560142814	0.405793546211217	0.808901098808942	2.23330569358243
15	10	1.75218299128589	0.264300520333278	1.20830459735948	2.15870331449231
11	9	1.41683715376238	0.302221626984686	0.949333749479743	1.88888888888892
19	14	2.10313800937926	0.666451387784407	1.12938487863154	3.22774957934143
22	17	2.20067000547932	0.6969729192494	1.01203826671088	3.23047769829318
16	11	1.81587798179793	0.374971577785716	1.09469041625381	2.29983829830434
10	9	1.30559831619746	0.350105027912365	0.785674201318376	1.98761597999982
17	13	1.87585588565887	0.529132558331374	0.860026145192219	2.68350208346355
15	10	1.77492549266359	0.299398556263921	1.16619037896907	2.08806130178212
25	16	2.48307144862517	0.764431933544454	1	3.60555127546399
13	9	1.62280392785857	0.182137526044107	1.37436854187248	1.88561808316406
16	12	1.84234737291973	0.508462324340319	0.824957911384329	2.64837476367849
16	12	1.8722362490637	0.547984473545971	0.833333333333348	2.58736244937668
13	10	1.60114776748255	0.355423447011633	0.781024967590683	2.19317121994615
25	22	2.64709432450478	1.22352926756149	0.823216830739701	4.47675354627091
13	10	1.57009692404316	0.41808569589284	1.07703296142689	2.39999999999998
14	9	1.73016075978824	0.261289380478249	1.35172500673292	2.24708315735069
16	15	1.89077992623207	0.64502897738703	0.935711256507827	3.24687884316963
23	15	2.25605901107255	0.628205526084253	0.991071249821294	3.33399993334667
15	12	1.74754594674342	0.521988556301301	1.04416367384511	2.66275755144506
12	10	1.53405252880204	0.420336578084816	0.984885780179696	2.40208242989286
11	9	1.41683715376239	0.302221626984679	0.949333749479763	1.88888888888887
18	12	1.95717653683496	0.444114603948699	1.21335164821344	2.60874597374977
11	9	1.41872498510296	0.40007364674199	0.777777777777771	2.03972886118731
16	12	1.84783416863734	0.495208145569709	0.768295371441075	2.53448438762425
10	8	1.33543744186955	0.27564803437159	1.00778221853732	1.875
11	9	1.41683715376239	0.302221626984679	0.949333749479763	1.88888888888887
12	11	1.54762436574327	0.590474788158046	0.406557814090781	2.50123936221765
12	10	1.54587722133942	0.458545108515963	0.894427190999913	2.5298221281347
19	17	2.24017352443528	1.0777538569947	0.415945165403825	3.77251029289976
12	9	1.52915165319407	0.325790831636326	1.05409255338945	2.0275875100994
16	11	1.85570325210554	0.508767902847557	0.966376892066774	2.75140835462209
15	11	1.73928477657317	0.463203937233292	1.01639453522717	2.40006886953524
16	11	1.83906279427607	0.324732727784912	1.26621711610761	2.32840881361201
15	13	1.81622787833021	0.690263879230423	0.729756383115766	2.80004226510788
23	16	2.25238167369639	0.783758123400738	0.559016994374947	3.36340601176843
17	13	1.89508033833481	0.620485190962338	0.973008510821009	2.84615384615388
20	18	2.36288931016005	1.16140125424569	0.423098505881381	4.21124303516607
12	11	1.51979238149375	0.534109014591213	0.636363636363626	2.58412189155488
14	9	1.73016075978824	0.261289380478243	1.35172500673297	2.24708315735075
16	13	1.81783513671025	0.573246465681373	0.951485913604057	2.91902553246312
13	9	1.62280392785857	0.182137526044075	1.37436854187254	1.88561808316414
14	10	1.71926965217336	0.306776568720117	1.36014705087349	2.41867732448954
18	12	1.9256041238095	0.312416891226134	1.53659074288213	2.38630351054598
19	14	2.01476836983321	0.521863074935218	1.08091042503009	2.88291943865866
41	31	3.63684348194749	1.4975554405061	1.03878981858736	6.27707455207928
16	11	1.85113040929699	0.378898590206202	1.4373989364402	2.67526163082948
14	11	1.67850549391592	0.50695115364633	0.749655568294128	2.29983829830423
18	14	2.03568363522134	0.784981667890834	0.55787497685045	3.44712243200389
15	11	1.74261653893249	0.391625130535617	1.12448335244121	2.52098629524764
14	11	1.71676540652556	0.55580112096376	0.862439361864092	2.73332661424964
12	9	1.52707702122622	0.402321925498329	0.916245694581715	2.22499826605559
11	9	1.41683715376239	0.302221626984681	0.949333749479736	1.88888888888885
11	10	1.40330892164805	0.436719670295467	0.800000000000011	2.15406592285381
14	10	1.67634217109377	0.346232473076425	1.08166538263919	2.18403296678418
14	10	1.70758461087985	0.366271479487988	1.20415945787918	2.24722050542443
17	14	2.02203689911221	0.709368390416819	0.914732033919037	3.44045559394062
12	10	1.46832385059276	0.306635075913475	1.11803398874989	1.80277563773199
9	8	1.20710678118655	0.207106781186548	1	1.4142135623731
14	10	1.70653815776311	0.536402382636845	0.894427190999916	2.52982212813478
44	42	4.23822931685456	1.73057656604722	0.457366016959487	7.41103699813697
16	12	1.88810525615975	0.569163799402967	0.971825315807485	2.75882422620784
15	12	1.81110386355477	0.616137174368819	1.04416367384511	2.72463045404532
12	9	1.52915165319407	0.325790831636326	1.05409255338945	2.0275875100994
14	10	1.68288599280865	0.312881343656728	1.17046999107195	2.18403296678416
13	10	1.57492549266359	0.599674655591142	0.399999999999977	2.08806130178212
8	7	1.23600610809378	0.323947467931701	0.714285714285779	1.71428571428578
11	8	1.53211424575791	0.370136377495751	1.06800046816469	2.09538182678003
18	17	2.31373442001711	1.12670777217089	0.376654366907783	4.24549425312144
12	12	1.67429910188441	0.77874561934645	0.416666666666652	2.9450995078454
15	15	2.01851714718079	0.907395340694939	0.659966329107487	3.56401770789962
12	12	1.71393307545738	0.745311323145403	0.650854139658936	2.98724138815575
12	9	1.59345176992711	0.357180799571913	0.94280904158209	2.13437474581103
20	15	2.50384447930873	0.983014943421906	0.835330939076115	4.06174565646075
10	8	1.47868296033071	0.500995711386435	0.75	2.13600093632938
11	8	1.50405908117477	0.311739122241196	1.00778221853732	1.9405218370325
15	11	1.85248431205486	0.608239069899823	0.862439361864097	2.84735632061197
11	9	1.47878059591808	0.45636572782279	0.702728368926255	2.32006811309117
11	9	1.45904654417392	0.343652094684536	1.09431753353291	2.0487876571762
8	7	1.15868003941698	0.212639761797913	0.868966075756915	1.42857142857142
16	12	1.84065254201659	0.441963293612934	1.11803398874989	2.5
22	18	2.3052079923808	0.830121998032078	0.621129993749953	3.77818625242652
10	9	1.34771339930976	0.597082992132396	0.400616808384828	2.24708315735074
8	6	1.24535599249993	0.180060504491818	1.11803398874989	1.5
6	5	1.04274362245296	0.180791973919413	0.824621125123499	1.2165525060597
13	10	1.68237868012187	0.479168004640736	0.860232526704253	2.51793566240284
13	10	1.61058228346543	0.496008778336932	0.6	2.08806130178211
15	13	1.76239646548127	0.601177444487825	0.384615384615358	2.58580558676484
11	10	1.44087389695257	0.473162142484701	0.707106781186596	2.2135943621179
5	4	1	0	1	1
9	7	1.3005843045481	0.25215572089376	0.903507902905284	1.72022779697032
12	10	1.51436872299975	0.454628827506682	0.707106781186548	2.12132034355964
7	6	1.12640902311105	0.346542351730496	0.527046276694727	1.50923085635624
12	9	1.59345176992711	0.357180799571913	0.94280904158207	2.13437474581097
11	11	1.54917861838461	0.511079869622478	0.582102203402981	2.48133528435566
19	15	2.06282698958826	0.812588682287537	0.133333333333326	3.20693692554818
12	9	1.60886012745318	0.420715092499377	1.00615390423749	2.18863506706581
13	13	1.94992414288906	0.959004342066614	0.448534761141951	3.51497220270646
6	5	1.04274362245296	0.180791973919413	0.824621125123499	1.2165525060597
14	14	1.81842570456222	0.706718052668105	0.788954358370509	3.34572526532297
8	7	1.16859162333897	0.430597289848949	0.404061017820873	1.73793215151378
15	13	1.8672394114056	0.794833426423383	0.516015687115352	3.26356975932258
11	10	1.57390081061605	0.512675568310157	1.02956301409868	2.50199920063936
11	12	1.63253104978691	0.698298037559491	0.589255650988824	3.08445925388694
7	6	1.08531432618137	0.210511366932268	0.666666666666666	1.33333333333333
10	8	1.36135515908726	0.290193264612593	0.901387818865997	1.67705098312484
10	8	1.41221476932441	0.439487707793962	0.559016994374947	1.95256241897666
11	9	1.45904654417391	0.343652094684538	1.09431753353286	2.04878765717618
10	8	1.38471090380795	0.287359901300409	1.11803398874989	1.80277563773199
12	11	1.5273156121619	0.614858375969147	0.32777738867853	2.29983829830429
8	6	1.24535599249993	0.180060504491818	1.11803398874989	1.5
10	8	1.36135515908726	0.290193264612593	0.901387818865997	1.67705098312484
11	12	1.5805493932419	0.774006355106271	0.263523138347377	2.72080461955245
11	10	1.45928518095404	0.566115501154968	0.499999999999977	2.50000000000002
12	11	1.51580177012742	0.642719842024086	0.32777738867853	2.29983829830429
12	10	1.56630297872076	0.48651308189037	0.899999999999977	2.28254244210268
9	8	1.25660630138806	0.529448395324622	0.515388203202208	1.9405218370325
11	8	1.47113481752052	0.264834568511847	0.800390529679106	1.70018381359193
14	12	1.84042993092627	0.867010125799929	0.166666666666742	3.00462606288659
6	5	1.04274362245296	0.180791973919399	0.824621125123489	1.21655250605969
12	10	1.50915282974092	0.36394743643137	0.94339811320567	1.92093727122985
12	11	1.5342612027831	0.523585461207898	0.857634648368799	2.46965049221929
7	6	1.08531432618137	0.210511366932271	0.666666666666657	1.33333333333334
7	6	1.08531432618137	0.210511366932268	0.666666666666664	1.33333333333334
10	9	1.43256254178977	0.645678221972813	0.444444444444443	2.46706703457495
12	10	1.50042287198328	0.598941737758719	0.299999999999955	2.11896201004172
8	8	1.22199538522159	0.340737844239733	0.875	1.875
8	7	1.15868003941698	0.212639761797927	0.868966075756864	1.42857142857145
11	9	1.47290876737176	0.419784200923621	0.808901098808942	2.23330569358243
11	9	1.47290876737176	0.419784200923624	0.808901098808926	2.23330569358237
15	12	1.84262674410937	0.565689366764739	1.0960788698305	3.03337912053355
9	8	1.26284027790559	0.37364345638502	0.625	1.90804219030922
9	7	1.30058430454811	0.252155720893753	0.903507902905297	1.72022779697028
11	8	1.52033579248899	0.355076158136366	1.03077640640442	2.01556443707464
19	13	2.02202677054931	0.780789722814619	0.384615384615392	3.24538817072753
8	8	1.23552072589506	0.38126570247498	0.673145600891813	1.78972763290954
7	6	1.08531432618138	0.21051136693226	0.666666666666686	1.33333333333331
10	8	1.40794353166227	0.333833808429263	0.951971638232989	1.97642353760524
9	8	1.29800175111008	0.417811505484423	0.515388203202208	1.875
10	8	1.36135515908726	0.290193264612593	0.901387818865997	1.67705098312484
7	6	1.08531432618138	0.21051136693226	0.666666666666686	1.33333333333331
7	6	1.1380711874577	0.195262145875635	1	1.4142135623731
8	7	1.19880901106742	0.337457201948371	0.769309258162045	1.73793215151374
9	8	1.24300609138855	0.3561051203942	0.673145600891813	1.78972763290954
8	7	1.23600610809378	0.323947467931708	0.714285714285722	1.71428571428572
8	7	1.26517190495918	0.392991210739222	0.728431359084629	1.91662969499979
8	7	1.16859162333897	0.430597289848949	0.404061017820873	1.73793215151378
9	7	1.3005843045481	0.252155720893766	0.903507902905255	1.72022779697033
11	9	1.49151638976304	0.412844507609452	1.02439382858809	2.22222222222217
11	9	1.45904654417391	0.343652094684538	1.09431753353286	2.04878765717618
10	8	1.38471090380795	0.287359901300409	1.11803398874989	1.80277563773199
9	8	1.29800175111008	0.417811505484423	0.515388203202208	1.875
10	8	1.40794353166227	0.333833808429263	0.951971638232989	1.97642353760524
8	7	1.19880901106742	0.337457201948371	0.769309258162045	1.73793215151374
8	7	1.26517190495918	0.392991210739216	0.728431359084685	1.91662969499984
11	10	1.45195715324505	0.540204058796783	0.447213595499983	2.40831891575847
11	9	1.45584351277275	0.475603488909795	0.808901098808926	2.23330569358242
13	11	1.70799925993824	0.582182853713398	0.749655568294141	2.52589890717269
10	8	1.36135515908726	0.290193264612593	0.901387818865997	1.67705098312484
7	6	1.08531432618137	0.210511366932283	0.666666666666629	1.33333333333337
8	7	1.16859162333897	0.430597289848949	0.404061017820873	1.73793215151378
42	38	4.8248718691698	2.54618868508505	0.398230156590083	9.39488426834059
11	9	1.43395135328106	0.407438018164279	0.745355992499913	1.88561808316418
10	8	1.36135515908726	0.290193264612593	0.901387818865997	1.67705098312484
10	9	1.34054454429999	0.391864273311743	0.702728368926295	1.83921615080523
7	6	1.12640902311105	0.346542351730492	0.527046276694718	1.50923085635623
8	7	1.15868003941698	0.212639761797924	0.868966075756885	1.42857142857143
20	16	2.39999042000433	0.921640376658618	0.800390529679106	3.85883726010828
8	7	1.23600610809378	0.323947467931709	0.714285714285715	1.71428571428572
10	9	1.38708719217387	0.546087303944565	0.471404520790965	2.134374745811
6	6	1.08673043333806	0.455966944137129	0.527046276694718	1.71593835683119
11	9	1.49719816652324	0.477004667302714	0.555555555555657	2.07572685469663
11	11	1.59660240997546	0.626904701522591	0.57495957457609	2.67371657633684
6	5	1.04274362245296	0.180791973919395	0.824621125123485	1.21655250605969
13	15	1.53336165006375	0.642842511474012	0.188561808316488	2.41568945759922
9	7	1.30764006014385	0.409424588312847	0.515078753637678	1.76704526812192
7	6	1.08531432618138	0.21051136693226	0.666666666666686	1.33333333333331
16	12	1.82919294544812	0.672803299214526	0.343592135468129	2.93565249230138
8	7	1.15868003941698	0.212639761797918	0.868966075756887	1.42857142857144
6	5	1.04274362245296	0.180791973919413	0.824621125123499	1.2165525060597
10	10	1.45935088215699	0.655968751349948	0.200000000000045	2.41660919471896
14	13	1.8697451008335	0.742556756090484	0.803100500685392	3.23900050329656
18	15	2.10350956418082	0.929589372943076	0.61463629715292	3.72976019485325
15	14	1.91246400699221	0.982308709902922	0.614451804788778	3.51817438743565
7	6	1.1380711874577	0.195262145875635	1	1.4142135623731
7	6	1.08531432618137	0.210511366932271	0.666666666666657	1.33333333333334
9	7	1.3005843045481	0.252155720893773	0.903507902905226	1.72022779697034
14	16	1.6693885607568	0.517522302141982	0.565961571133589	2.51402317013985
12	10	1.51436872299975	0.454628827506682	0.707106781186548	2.12132034355964
10	9	1.36892839775955	0.568828538318011	0.496903994999967	2.29061423645426
8	7	1.19880901106742	0.337457201948367	0.769309258162029	1.73793215151378
8	7	1.20181739872323	0.384020409379504	0.638876565000023	1.80701580581054
8	7	1.16859162333897	0.430597289848941	0.404061017820843	1.73793215151376
9	8	1.28558764453367	0.379656961245783	0.760345316287277	2.01943680267544
20	18	2.18390662874067	1.02995084859562	0.668977476599505	3.85901221929171
8	7	1.16859162333897	0.430597289848944	0.404061017820883	1.73793215151377
13	11	1.57177555680012	0.636831733581885	0.181818181818182	2.40006886953529
13	11	1.60942580303527	0.468685331428416	0.909090909090907	2.2781752883894
12	11	1.5273156121619	0.614858375969147	0.32777738867853	2.29983829830429
9	8	1.26284027790559	0.37364345638502	0.625	1.90804219030922
8	7	1.15868003941698	0.212639761797913	0.868966075756915	1.42857142857142
8	9	1.25188389455949	0.556174365122226	0.351364184463181	2.00308404192439
13	14	1.83010887092161	0.846775088902769	0.658538889806645	2.9528609440849
7	6	1.08531432618137	0.210511366932283	0.666666666666629	1.33333333333337
11	10	1.46495004621133	0.643367206271364	0.200000000000045	2.33238075793814
11	11	1.5203388697034	0.562733413636244	0.609836721136266	2.56002324369609
7	6	1.08531432618138	0.21051136693226	0.666666666666686	1.33333333333331
8	7	1.19880901106743	0.337457201948343	0.769309258162055	1.73793215151377
14	12	1.63547962433419	0.538965839516271	0.343592135468074	2.5069348260818
12	11	1.59415721485136	0.564062856930654	0.642824346533223	2.58572048242324
7	6	1.08531432618137	0.210511366932283	0.666666666666629	1.33333333333337
8	7	1.23600610809377	0.323947467931716	0.714285714285666	1.71428571428567
8	7	1.26517190495918	0.392991210739217	0.728431359084678	1.91662969499984
11	10	1.4385216987212	0.608814686344109	0.400000000000091	2.08806130178208
10	11	1.58122021609169	0.626342248051358	0.749655568294128	2.73332661424964
8	7	1.15868003941698	0.212639761797913	0.868966075756915	1.42857142857142
1	1	0	0	0	0
9	11	1.44755558201604	0.773820207158777	0.463547228508482	2.7029215904215
4	6	0.833333333333333	0.471404520791032	0.5	1.5
27	52	6.5	3.77491721763537	0	13
1	1	0	0	0	0
3	4	0.5	0.5	0	1
3	4	0.5	0.5	0	1
1	1	0	0	0	0
8	8	1.14412280563537	0.437016024448821	0.707106781186548	1.58113883008419
5	8	1	0.707106781186548	0	2
4	6	0.833333333333333	0.471404520791032	0.5	1.5
4	4	0.765388203202208	0.318874424184343	0.25	1.03077640640442
7	12	1.5	0.957427107756338	0	3
12	9	1.50359485312266	0.776788290673363	0.157134840263641	2.83278861866266
2	2	0.5	0	0.5	0.5
9	9	1.28347141768977	0.572721365018557	0.496903994999942	2.26623089493008
6	6	0.951999392896719	0.348532543246763	0.372677996249982	1.3437096247165
2	2	0.5	0	0.5	0.5
5	5	0.84780147652018	0.285013431982078	0.447213595499958	1.26491106406739
6	7	1.03397186132706	0.442954074857466	0.404061017820833	1.73793215151384
2	2	0.5	0	0.5	0.5
4	6	0.833333333333333	0.471404520791032	0.5	1.5
2	2	0.5	0	0.5	0.5
6	6	0.977647755383223	0.427894560941167	0.166666666666686	1.53659074288216
5	5	0.84780147652018	0.285013431982078	0.447213595499958	1.26491106406739
3	3	0.65403883526363	0.129141962240935	0.471404520791025	0.745355992499951
1	1	0	0	0	0
3	4	0.5	0.5	0	1
6	6	0.912022659166597	0.291344016299214	0.5	1.11803398874989
7	12	1.5	0.957427107756338	0	3
4	6	0.833333333333333	0.471404520791032	0.5	1.5
8	14	1.78571428571429	1.03015750727543	0.5	3.5
6	6	0.951999392896721	0.348532543246758	0.372677996249982	1.34370962471646
8	8	1.14412280563537	0.437016024448821	0.707106781186548	1.58113883008419
8	14	1.78571428571429	1.03015750727543	0.5	3.5
5	5	0.847801476520182	0.285013431982071	0.44721359550006	1.26491106406742
7	7	1.01972936116367	0.379243324751389	0.319438282499923	1.54523626091307
2	2	0.5	0	0.5	0.5
7	7	1.0615667555489	0.423318405568409	0.515078753637631	1.76704526812183
3	3	0.65403883526363	0.129141962240935	0.471404520791025	0.745355992499951
5	6	0.928570976434036	0.439672033770509	0.527046276694736	1.50923085635624
2	2	0.5	0	0.5	0.5
8	8	1.14412280563537	0.437016024448821	0.707106781186548	1.58113883008419
49	96	12	6.94022093788567	0	24
2	2	0.5	0	0.5	0.5
3	3	0.654038835263627	0.129141962240948	0.471404520791005	0.745355992500015
1	1	0	0	0	0
5	5	0.84780147652018	0.285013431982078	0.447213595499958	1.26491106406739
6	8	1.12986671995245	0.576867571582842	0.125	2.00390244273517
3	3	0.654038835263625	0.12914196224096	0.471404520790985	0.745355992500002
3	3	0.654038835263624	0.129141962240963	0.47140452079098	0.745355992499999
5	5	0.84780147652018	0.285013431982078	0.447213595499958	1.26491106406739
3	3	0.654038835263622	0.129141962240973	0.471404520790965	0.745355992499989
4	4	0.707106781186548	0	0.707106781186548	0.707106781186548
32	62	7.75806451612903	4.47911095682833	0.5	15.5
8	8	1.14412280563537	0.437016024448821	0.707106781186548	1.58113883008419
4	6	0.833333333333333	0.471404520791032	0.5	1.5
3	3	0.654038835263632	0.129141962240923	0.471404520791045	0.745355992499964
3	4	0.695194101601104	0.451890651705735	0.25	1.25
3	4	0.5	0.5	0	1
3	3	0.654038835263622	0.129141962240973	0.471404520790965	0.745355992499989
9	9	1.47705196356352	0.731004021636825	0.248451997499965	2.59391500665085
6	8	1.12986671995245	0.576867571582842	0.125	2.00390244273517
6	6	0.990283096264271	0.397779182640493	0.600925212577353	1.53659074288216
1	1	0	0	0	0
2	2	0.5	0	0.5	0.5
8	8	1.16672155962639	0.4821937393859	0.395284707521047	1.97642353760524
8	9	1.2735741872078	0.573259167941178	0.400616808384891	2.2470831573507
4	4	0.765388203202208	0.318874424184343	0.25	1.03077640640442
9	9	1.27486655114276	0.591628193000191	0.157134840263641	2.19145365814623
1	1	0	0	0	0
2	2	0.5	0	0.5	0.5
1	1	0	0	0	0
4	4	0.707106781186548	0	0.707106781186548	0.707106781186548
3	4	0.5	0.5	0	1
1	1	0	0	0	0
6	6	0.990283096264271	0.397779182640492	0.600925212577333	1.53659074288215
2	2	0.5	0	0.5	0.5
3	4	0.5	0.5	0	1
9	9	1.28151780382977	0.483999306139857	0.351364184463127	1.88888888888892
6	6	0.990283096264271	0.397779182640493	0.600925212577353	1.53659074288216
5	8	1	0.707106781186548	0	2
5	5	0.84780147652018	0.285013431982078	0.447213595499958	1.26491106406739
3	4	0.5	0.5	0	1
8	10	1.39680168526683	0.713403849187646	0.583095189484507	2.59615099714945
8	14	1.78571428571429	1.03015750727543	0.5	3.5
2	2	0.5	0	0.5	0.5
3	3	0.654038835263622	0.129141962240973	0.471404520790965	0.745355992499989
1	1	0	0	0	0
2	2	0.5	0	0.5	0.5
7	8	1.17168226167032	0.560946234221369	0.25	2.01556443707464
5	6	0.928570976434035	0.439672033770512	0.527046276694729	1.50923085635624
7	7	1.1225970915675	0.457343989909377	0.319438282499948	1.72022779697033
5	5	0.84780147652018	0.285013431982079	0.447213595499933	1.26491106406733
5	6	0.863092103959154	0.37942180877257	0.333333333333343	1.20185042515466
12	12	1.61258512268904	0.752486470807702	0.707106781186548	2.54950975679639
3	3	0.654038835263628	0.129141962240941	0.471404520791015	0.745355992499945
3	4	0.5	0.5	0	1
12	13	1.74720714624688	0.863761400012269	0.448534761141951	3.25358245885491
1	1	0	0	0	0
2	2	0.5	0	0.5	0.5
8	8	1.14412280563537	0.437016024448821	0.707106781186548	1.58113883008419
3	3	0.65403883526363	0.129141962240935	0.471404520791025	0.745355992499951
4	6	0.833333333333333	0.471404520791032	0.5	1.5
2	2	0.5	0	0.5	0.5
4	4	0.765388203202208	0.318874424184343	0.25	1.03077640640442
1	1	0	0	0	0
17	32	4	2.34520787991171	0	8
4	4	0.765388203202208	0.318874424184343	0.25	1.03077640640442
1	1	0	0	0	0
4	4	0.765388203202208	0.318874424184343	0.25	1.03077640640442
5	6	0.928570976434033	0.439672033770516	0.527046276694718	1.50923085635623
5	8	1	0.707106781186548	0	2
8	8	1.14412280563537	0.437016024448821	0.707106781186548	1.58113883008419
3	4	0.5	0.5	0	1
4	4	0.707106781186548	0	0.707106781186548	0.707106781186548
6	6	0.912022659166597	0.291344016299214	0.5	1.11803398874989
7	7	1.0615667555489	0.42331840556841	0.515078753637627	1.76704526812184
1	1	0	0	0	0
8	8	1.25540891452817	0.546761792120856	0.353553390593274	2.15058131676066
4	6	0.833333333333333	0.471404520791032	0.5	1.5
2	2	0.5	0	0.5	0.5
2	2	0.5	0	0.5	0.5
3	4	0.5	0.5	0	1
8	9	1.39795660210475	0.625616776451385	0.314269680527283	2.35440223337965
3	4	0.695194101601104	0.451890651705735	0.25	1.25
2	2	0.5	0	0.5	0.5
4	4	0.707106781186548	0	0.707106781186548	0.707106781186548
7	7	1.0615667555489	0.42331840556841	0.515078753637627	1.76704526812184
3	3	0.654038835263625	0.12914196224096	0.471404520790985	0.745355992500002
1	1	0	0	0	0
7	7	1.0615667555489	0.423318405568405	0.515078753637753	1.76704526812181
7	7	1.01972936116367	0.379243324751386	0.319438282499986	1.54523626091313
7	7	1.0615667555489	0.42331840556841	0.515078753637627	1.76704526812184
34	66	8.25757575757576	4.76750556104173	0.5	16.5
2	2	0.5	0	0.5	0.5
42	82	10.2560975609756	5.92135650165992	0.5	20.5
1	1	0	0	0	0
3	3	0.654038835263627	0.129141962240948	0.471404520791005	0.745355992500015
4	4	0.765388203202208	0.318874424184343	0.25	1.03077640640442
5	5	0.84780147652018	0.285013431982079	0.447213595499933	1.26491106406733
6	8	1.02315212142459	0.433052810202591	0.625	1.70018381359193
2	2	0.5	0	0.5	0.5
5	8	1	0.707106781186548	0	2
3	4	0.5	0.5	0	1
9	14	1.82729973418969	0.988585965934437	0.505076272276119	3.50072878709796
6	6	0.912022659166597	0.291344016299214	0.5	1.11803398874989
6	6	0.912022659166597	0.291344016299214	0.5	1.11803398874989
2	2	0.5	0	0.5	0.5
1	1	0	0	0	0
2	2	0.5	0	0.5	0.5
2	2	0.5	0	0.5	0.5
4	4	0.707106781186548	0	0.707106781186548	0.707106781186548
8	9	1.2735741872078	0.573259167941175	0.400616808384923	2.24708315735075
3	3	0.654038835263637	0.129141962240898	0.471404520791085	0.745355992499913
5	5	0.84780147652018	0.285013431982079	0.447213595499933	1.26491106406733
4	4	0.809016994374947	0.309016994374947	0.5	1.11803398874989
4	4	0.707106781186548	0	0.707106781186548	0.707106781186548
2	2	0.5	0	0.5	0.5
2	2	0.5	0	0.5	0.5
5	6	0.928570976434033	0.439672033770516	0.527046276694718	1.50923085635623
4	4	0.809016994374947	0.309016994374947	0.5	1.11803398874989
7	10	1.21875077610927	0.560933637548197	0.447213595499958	2.23606797749983
2	2	0.5	0	0.5	0.5
3	4	0.5	0.5	0	1
5	5	0.84780147652018	0.285013431982077	0.447213595499977	1.26491106406739
6	10	1.3	0.748331477354788	0.5	2.5
3	4	0.5	0.5	0	1
5	5	0.84780147652018	0.285013431982077	0.447213595499977	1.26491106406739
1	1	0	0	0	0
7	7	1.0615667555489	0.423318405568405	0.515078753637753	1.76704526812181
1	1	0	0	0	0
3	3	0.654038835263633	0.129141962240916	0.471404520791055	0.745355992499951
5	5	0.84780147652018	0.285013431982077	0.447213595499963	1.26491106406735
5	6	0.928570976434036	0.439672033770509	0.527046276694736	1.50923085635624
1	1	0	0	0	0
4	4	0.765388203202208	0.318874424184343	0.25	1.03077640640442
2	2	0.5	0	0.5	0.5
3	3	0.65403883526363	0.129141962240935	0.471404520791025	0.745355992499951
4	6	0.833333333333333	0.471404520791032	0.5	1.5
5	5	0.84780147652018	0.285013431982078	0.447213595499952	1.26491106406734
5	5	0.847801476520182	0.285013431982071	0.44721359550006	1.26491106406742
1	1	0	0	0	0
4	4	0.707106781186548	0	0.707106781186548	0.707106781186548
6	6	0.912022659166597	0.291344016299214	0.5	1.11803398874989
7	8	1.17168226167032	0.560946234221369	0.25	2.01556443707464
3	3	0.65403883526363	0.129141962240932	0.47140452079103	0.745355992499935
5	5	0.847801476520182	0.285013431982072	0.447213595500034	1.26491106406737
1	1	0	0	0	0
7	7	1.07785369327573	0.430314061357599	0.606091526731269	1.67209998724575
4	6	0.833333333333333	0.471404520791032	0.5	1.5
3	3	0.654038835263627	0.129141962240948	0.471404520791005	0.745355992500015
5	5	0.847801476520182	0.285013431982072	0.447213595500034	1.26491106406737
1	1	0	0	0	0
3	4	0.5	0.5	0	1
6	6	0.981058252895446	0.38553315750639	0.47140452079098	1.4907119849999
6	6	0.990283096264271	0.397779182640491	0.600925212577321	1.53659074288214
6	6	0.95199939289672	0.348532543246759	0.372677996250033	1.34370962471647
6	6	0.912022659166597	0.291344016299214	0.5	1.11803398874989
3	3	0.654038835263637	0.129141962240898	0.471404520791085	0.745355992499913
1	1	0	0	0	0
7	7	1.0615667555489	0.42331840556841	0.515078753637708	1.76704526812186
8	8	1.14412280563537	0.437016024448821	0.707106781186548	1.58113883008419
4	2	0.707106781186548	0	0.707106781186548	0.707106781186548
3	3	0.654038835263623	0.129141962240966	0.471404520790975	0.745355992499996
3	4	0.5	0.5	0	1
2	2	0.5	0	0.5	0.5
6	6	0.912022659166597	0.291344016299214	0.5	1.11803398874989
1	1	0	0	0	0
15	28	3.5	2.06155281280883	0	7
4	4	0.707106781186548	0	0.707106781186548	0.707106781186548
7	8	1.12721496861154	0.462343394608462	0.625	1.625
6	7	1.01619972504834	0.482332086078316	0.404061017820873	1.73793215151378
8	8	1.28861829238794	0.51121218346514	0.450693909432999	1.85825859341481
4	4	0.765388203202208	0.318874424184343	0.25	1.03077640640442
1	1	0	0	0	0
7	12	1.5	0.957427107756338	0	3
10	10	1.42422041666695	0.679408717009892	0.640312423743288	2.53179778023443
3	4	0.5	0.5	0	1
4	6	0.833333333333333	0.471404520791032	0.5	1.5
9	9	1.23682432195169	0.522240109941016	0.444444444444457	2.0487876571762
7	7	1.0615667555489	0.42331840556841	0.515078753637627	1.76704526812184
8	8	1.14412280563537	0.437016024448821	0.707106781186548	1.58113883008419
5	6	0.928570976434033	0.439672033770516	0.527046276694718	1.50923085635623
5	8	1	0.707106781186548	0	2
3	4	0.5	0.5	0	1
1	1	0	0	0	0
4	4	0.707106781186548	0	0.707106781186548	0.707106781186548
15	28	3.5	2.06155281280883	0	7
1	1	0	0	0	0
3	4	0.5	0.5	0	1
6	6	0.981058252895446	0.38553315750639	0.47140452079098	1.4907119849999
2	2	0.5	0	0.5	0.5
8	8	1.14412280563537	0.437016024448821	0.707106781186548	1.58113883008419
2	2	0.5	0	0.5	0.5
8	8	1.14412280563537	0.437016024448821	0.707106781186548	1.58113883008419
6	7	1.03397186132707	0.442954074857455	0.404061017820953	1.73793215151374
2	2	0.5	0	0.5	0.5
4	4	0.707106781186548	0	0.707106781186548	0.707106781186548
3	3	0.654038835263634	0.129141962240913	0.47140452079106	0.745355992499945
4	5	0.747645981206176	0.401279811087295	0.282842712474611	1.21655250605964
8	8	1.14412280563537	0.437016024448821	0.707106781186548	1.58113883008419
6	6	0.951999392896721	0.348532543246758	0.372677996249982	1.34370962471646
7	7	1.06156675554889	0.423318405568416	0.51507875363769	1.76704526812192
1	1	0	0	0	0
7	7	1.0615667555489	0.423318405568411	0.515078753637722	1.76704526812187
8	8	1.14412280563537	0.437016024448821	0.707106781186548	1.58113883008419
6	8	1.19940519757716	0.558056602886218	0.5	2.06155281280883
1	1	0	0	0	0
5	5	0.84780147652018	0.285013431982077	0.447213595499958	1.26491106406734
5	8	1	0.707106781186548	0	2
11	20	2.5	1.5	0	5
2	2	0.5	0	0.5	0.5
5	5	0.84780147652018	0.285013431982078	0.447213595499958	1.26491106406739
6	10	1.3	0.748331477354788	0.5	2.5
6	6	0.912022659166597	0.291344016299214	0.5	1.11803398874989
7	7	1.01972936116367	0.379243324751388	0.319438282499967	1.54523626091314
5	5	0.84780147652018	0.285013431982079	0.447213595499933	1.26491106406733
1	1	0	0	0	0
3	4	0.5	0.5	0	1
8	8	1.29090726305286	0.66553244714092	0.125	2.29469496883573
2	2	0.5	0	0.5	0.5
1	1	0	0	0	0
4	4	0.809016994374947	0.309016994374947	0.5	1.11803398874989
3	3	0.654038835263637	0.129141962240898	0.471404520791085	0.745355992499913
3	4	0.5	0.5	0	1
1	1	0	0	0	0
2	2	0.5	0	0.5	0.5
3	4	0.5	0.5	0	1
2	2	0.5	0	0.5	0.5
1	1	0	0	0	0
3	3	0.654038835263631	0.129141962240929	0.471404520791035	0.745355992499938
1	1	0	0	0	0
2	2	0.5	0	0.5	0.5
3	3	0.654038835263635	0.12914196224091	0.471404520791065	0.745355992499938
8	9	1.39795660210475	0.625616776451385	0.314269680527283	2.35440223337965
7	7	1.06156675554889	0.423318405568415	0.515078753637596	1.76704526812189
5	7	0.963214560776128	0.365297412671879	0.714285714285711	1.53861851632415
3	4	0.5	0.5	0	1
4	4	0.707106781186548	0	0.707106781186548	0.707106781186548
2	2	0.5	0	0.5	0.5
5	5	0.847801476520181	0.285013431982076	0.447213595499983	1.2649110640674
9	10	1.36121482906977	0.589147001282825	0.447213595499958	2.40831891575846
2	2	0.5	0	0.5	0.5
5	5	0.96330519661858	0.438227222075078	0.282842712474683	1.44222051018561
5	5	0.847801476520182	0.285013431982072	0.447213595500034	1.26491106406737
2	2	0.5	0	0.5	0.5
8	8	1.19552517104606	0.552353659710239	0.375	2.03485257451246
6	6	0.981058252895446	0.38553315750639	0.471404520791045	1.4907119849999
5	5	0.84780147652018	0.285013431982079	0.447213595499933	1.26491106406733
2	2	0.5	0	0.5	0.5
5	5	0.84780147652018	0.285013431982078	0.447213595499958	1.26491106406739
1	1	0	0	0	0
4	4	0.809016994374947	0.309016994374947	0.5	1.11803398874989
1	1	0	0	0	0
3	3	0.654038835263627	0.129141962240948	0.471404520791005	0.745355992500015
2	2	0.5	0	0.5	0.5
2	2	0.5	0	0.5	0.5
2	2	0.5	0	0.5	0.5
4	5	0.747645981206185	0.401279811087277	0.282842712474653	1.21655250605969
3	4	0.5	0.5	0	1
7	7	1.01972936116367	0.379243324751385	0.319438282500012	1.54523626091318
1	1	0	0	0	0
3	3	0.654038835263637	0.129141962240898	0.471404520791085	0.745355992499913
2	2	0.5	0	0.5	0.5
1	1	0	0	0	0
4	4	0.765388203202208	0.318874424184343	0.25	1.03077640640442
8	14	1.78571428571429	1.03015750727543	0.5	3.5
2	2	0.5	0	0.5	0.5
8	10	1.26160710853395	0.50827896247691	0.223606797749979	2.10950231097281
4	4	0.707106781186548	0	0.707106781186548	0.707106781186548
1	1	0	0	0	0
1	1	0	0	0	0
5	5	0.84780147652018	0.285013431982079	0.447213595499933	1.26491106406733
4	4	0.707106781186548	0	0.707106781186548	0.707106781186548
5	5	0.84780147652018	0.285013431982078	0.447213595499958	1.26491106406739
6	8	1.12423682407716	0.650839122509476	0.25	2.13600093632938
4	4	0.707106781186548	0	0.707106781186548	0.707106781186548
1	1	0	0	0	0
1	1	0	0	0	0
1	1	0	0	0	0
2	2	0.5	0	0.5	0.5
3	3	0.654038835263625	0.12914196224096	0.471404520790985	0.745355992500002
3	3	0.654038835263622	0.129141962240973	0.471404520790965	0.745355992499989
11	11	1.51455639629609	0.718356650843085	0.530086535895017	2.76489205922648
7	7	1.06156675554889	0.423318405568416	0.51507875363769	1.76704526812192
8	8	1.14412280563537	0.437016024448821	0.707106781186548	1.58113883008419
4	4	0.707106781186548	0	0.707106781186548	0.707106781186548
7	7	1.0615667555489	0.423318405568405	0.515078753637753	1.76704526812181
4	6	0.888892386661048	0.51519499268877	0.527046276694718	1.71593835683119
3	4	0.5	0.5	0	1
6	6	0.912022659166597	0.291344016299214	0.5	1.11803398874989
1	1	0	0	0	0
8	8	1.16071745894615	0.496472537505945	0.395284707521047	1.97642353760524
1	1	0	0	0	0
4	4	0.765388203202208	0.318874424184343	0.25	1.03077640640442
4	4	0.765388203202208	0.318874424184343	0.25	1.03077640640442
6	8	1.12986671995245	0.576867571582842	0.125	2.00390244273517
1	1	0	0	0	0
4	4	0.809016994374947	0.309016994374947	0.5	1.11803398874989
2	2	0.5	0	0.5	0.5
6	6	0.990283096264271	0.397779182640491	0.600925212577321	1.53659074288214
7	7	1.0615667555489	0.42331840556841	0.515078753637627	1.76704526812184
2	2	0.5	0	0.5	0.5
2	2	0.5	0	0.5	0.5
4	6	0.833333333333333	0.471404520791032	0.5	1.5
3	3	0.654038835263627	0.129141962240948	0.471404520791005	0.745355992500015
6	6	0.990283096264271	0.397779182640491	0.600925212577321	1.53659074288214
1	1	0	0	0	0
5	7	1.05684222463425	0.434979265264122	0.515078753637627	1.72614942479932
1	1	0	0	0	0
1	1	0	0	0	0
4	4	0.765388203202208	0.318874424184343	0.25	1.03077640640442
2	2	0.5	0	0.5	0.5
2	2	0.5	0	0.5	0.5
7	7	1.0615667555489	0.42331840556841	0.515078753637702	1.76704526812185
2	2	0.5	0	0.5	0.5
5	8	1	0.707106781186548	0	2
7	8	1.16550964137007	0.500961351676359	0.515388203202208	1.9405218370325
2	2	0.5	0	0.5	0.5
6	6	0.951999392896719	0.348532543246761	0.372677996249969	1.34370962471644
6	6	1.03934466291663	0.412022659166597	0.5	1.5
9	9	1.22819647373685	0.494590579826842	0.496903994999942	1.89215404065847
3	3	0.654038835263637	0.129141962240898	0.471404520791085	0.745355992499913
1	1	0	0	0	0
2	2	0.5	0	0.5	0.5
3	4	0.5	0.5	0	1
3	3	0.654038835263627	0.129141962240948	0.471404520791005	0.745355992500015
4	5	0.747645981206187	0.401279811087274	0.282842712474643	1.21655250605964
5	5	0.847801476520182	0.285013431982072	0.447213595500034	1.26491106406737
2	2	0.5	0	0.5	0.5
2	2	0.5	0	0.5	0.5
8	8	1.19940519757716	0.558056602886218	0.5	2.06155281280883
1	1	0	0	0	0
5	5	0.84780147652018	0.285013431982077	0.447213595499956	1.26491106406735
4	5	0.747645981206195	0.401279811087259	0.282842712474683	1.2165525060597
4	6	0.833333333333333	0.471404520791032	0.5	1.5
1	1	0	0	0	0
6	6	0.990283096264271	0.397779182640493	0.600925212577353	1.53659074288216
7	12	1.5	0.957427107756338	0	3
9	10	1.41669388551415	0.673036726150092	0.583095189484507	2.51793566240283
4	4	0.765388203202208	0.318874424184343	0.25	1.03077640640442
6	6	0.990283096264271	0.397779182640493	0.600925212577353	1.53659074288216
2	2	0.5	0	0.5	0.5
2	2	0.5	0	0.5	0.5
6	7	1.0845237166254	0.413215541318605	0.606091526731349	1.67209998724564
11	11	1.57676319939913	0.722552611115989	0.287479787288025	2.72878745814614
3	4	0.5	0.5	0	1
1	1	0	0	0	0
8	8	1.14412280563537	0.437016024448821	0.707106781186548	1.58113883008419
9	9	1.28347141768977	0.572721365018556	0.496903994999967	2.26623089493014
3	4	0.5	0.5	0	1
7	7	1.0615667555489	0.423318405568405	0.515078753637753	1.76704526812181
2	2	0.5	0	0.5	0.5
4	6	0.833333333333333	0.471404520791032	0.5	1.5
5	8	1	0.707106781186548	0	2
2	2	0.5	0	0.5	0.5
1	1	0	0	0	0
2	2	0.5	0	0.5	0.5
2	2	0.5	0	0.5	0.5
6	10	1.3	0.748331477354788	0.5	2.5
3	3	0.654038835263622	0.129141962240973	0.471404520790965	0.745355992499989
1	1	0	0	0	0
2	2	0.5	0	0.5	0.5
3	4	0.5	0.5	0	1
3	3	0.654038835263623	0.129141962240966	0.471404520790975	0.745355992499996
8	14	1.78571428571429	1.03015750727543	0.5	3.5
3	4	0.5	0.5	0	1
2	2	0.5	0	0.5	0.5
1	1	0	0	0	0
8	8	1.19552517104606	0.552353659710239	0.375	2.03485257451246
1	1	0	0	0	0
2	2	0.5	0	0.5	0.5
2	2	0.5	0	0.5	0.5
4	5	0.747645981206195	0.401279811087259	0.282842712474683	1.2165525060597
3	3	0.654038835263627	0.129141962240948	0.471404520791005	0.745355992500015
2	2	0.5	0	0.5	0.5
2	2	0.5	0	0.5	0.5
2	2	0.5	0	0.5	0.5
5	5	0.84780147652018	0.285013431982079	0.447213595499933	1.26491106406733
2	2	0.5	0	0.5	0.5
1	1	0	0	0	0
6	6	0.981058252895446	0.38553315750639	0.471404520791005	1.49071198499993
3	4	0.5	0.5	0	1
4	6	0.833333333333333	0.471404520791032	0.5	1.5
3	3	0.65403883526363	0.129141962240932	0.47140452079103	0.745355992499935
2	2	0.5	0	0.5	0.5
1	1	0	0	0	0
1	1	0	0	0	0
11	11	1.51455639629609	0.718356650843085	0.530086535895003	2.76489205922648
2	2	0.5	0	0.5	0.5
6	6	0.95199939289672	0.34853254324676	0.372677996249982	1.34370962471644
5	5	0.84780147652018	0.285013431982078	0.447213595499958	1.26491106406739
2	2	0.5	0	0.5	0.5
3	4	0.695194101601104	0.451890651705735	0.25	1.25
1	1	0	0	0	0
3	4	0.5	0.5	0	1
8	8	1.14751645524299	0.479667577543612	0.279508497187474	1.89159324380269
6	6	0.912022659166597	0.291344016299214	0.5	1.11803398874989
1	1	0	0	0	0
4	4	0.707106781186548	0	0.707106781186548	0.707106781186548
3	3	0.654038835263637	0.129141962240898	0.471404520791085	0.745355992499913
1	1	0	0	0	0
3	4	0.5	0.5	0	1
5	8	1	0.707106781186548	0	2
6	6	0.990283096264272	0.39777918264049	0.600925212577289	1.53659074288213
1	1	0	0	0	0
3	3	0.654038835263632	0.129141962240923	0.471404520791045	0.745355992499964
5	8	1	0.707106781186548	0	2
1	1	0	0	0	0
1	1	0	0	0	0
4	4	0.707106781186548	0	0.707106781186548	0.707106781186548
2	2	0.5	0	0.5	0.5
1	1	0	0	0	0
2	2	0.5	0	0.5	0.5
6	6	0.977647755383223	0.427894560941167	0.166666666666686	1.53659074288216
1	1	0	0	0	0
1	1	0	0	0	0
3	3	0.654038835263627	0.129141962240948	0.471404520791005	0.745355992500015
1	1	0	0	0	0
1	1	0	0	0	0
1	1	0	0	0	0
3	2	0.707106781186548	0	0.707106781186548	0.707106781186548
5	5	0.84780147652018	0.285013431982079	0.447213595499933	1.26491106406733
2	2	0.5	0	0.5	0.5
7	7	1.01972936116367	0.379243324751388	0.319438282499961	1.54523626091313
5	5	0.84780147652018	0.285013431982079	0.447213595499933	1.26491106406733
1	1	0	0	0	0
3	3	0.654038835263632	0.129141962240923	0.471404520791045	0.745355992499964
6	6	0.912022659166597	0.291344016299214	0.5	1.11803398874989
4	4	0.765388203202208	0.318874424184343	0.25	1.03077640640442
2	2	0.5	0	0.5	0.5
2	2	0.5	0	0.5	0.5
3	3	0.654038835263637	0.129141962240898	0.471404520791085	0.745355992499913
2	2	0.5	0	0.5	0.5
5	8	1	0.707106781186548	0	2
2	2	0.5	0	0.5	0.5
3	3	0.654038835263637	0.129141962240898	0.471404520791085	0.745355992499913
3	4	0.5	0.5	0	1
2	2	0.5	0	0.5	0.5
4	6	0.833333333333333	0.471404520791032	0.5	1.5
3	3	0.654038835263637	0.129141962240898	0.471404520791085	0.745355992499913
6	8	1.12986671995245	0.576867571582842	0.125	2.00390244273517
1	1	0	0	0	0
5	5	0.84780147652018	0.285013431982079	0.447213595499933	1.26491106406733
1	1	0	0	0	0
4	4	0.707106781186548	0	0.707106781186548	0.707106781186548
5	5	0.84780147652018	0.285013431982078	0.447213595499958	1.26491106406739
1	1	0	0	0	0
5	5	0.847801476520182	0.285013431982071	0.447213595500041	1.26491106406738
1	1	0	0	0	0
1	1	0	0	0	0
7	7	1.06156675554889	0.423318405568416	0.51507875363769	1.76704526812192
2	2	0.5	0	0.5	0.5
5	6	0.928570976434033	0.439672033770516	0.527046276694718	1.50923085635623
3	3	0.654038835263628	0.129141962240941	0.471404520791015	0.745355992499945
6	6	0.951999392896719	0.348532543246762	0.372677996249944	1.34370962471643
1	1	0	0	0	0
2	2	0.5	0	0.5	0.5
2	2	0.5	0	0.5	0.5
3	3	0.654038835263627	0.129141962240948	0.471404520791005	0.745355992500015
3	3	0.654038835263628	0.129141962240941	0.471404520791015	0.745355992499945
1	1	0	0	0	0
2	2	0.5	0	0.5	0.5
3	4	0.5	0.5	0	1
3	4	0.5	0.5	0	1
5	5	0.84780147652018	0.285013431982079	0.447213595499933	1.26491106406733
3	4	0.5	0.5	0	1
2	2	0.5	0	0.5	0.5
1	1	0	0	0	0
2	2	0.5	0	0.5	0.5
11	11	1.51455639629609	0.718356650843085	0.530086535895003	2.76489205922648
3	4	0.5	0.5	0	1
1	1	0	0	0	0
1	1	0	0	0	0
5	5	0.84780147652018	0.285013431982078	0.447213595499958	1.26491106406739
3	4	0.5	0.5	0	1
2	2	0.5	0	0.5	0.5
2	2	0.5	0	0.5	0.5
1	1	0	0	0	0
2	2	0.5	0	0.5	0.5
2	2	0.5	0	0.5	0.5
8	9	1.2735741872078	0.57325916794118	0.400616808384844	2.24708315735069
1	1	0	0	0	0
4	4	0.707106781186548	0	0.707106781186548	0.707106781186548
1	1	0	0	0	0
1	1	0	0	0	0
3	4	0.5	0.5	0	1
1	1	0	0	0	0
2	2	0.5	0	0.5	0.5
2	2	0.5	0	0.5	0.5
1	1	0	0	0	0
4	5	0.747645981206195	0.401279811087259	0.282842712474683	1.2165525060597
3	3	0.654038835263635	0.12914196224091	0.471404520791065	0.745355992499938
3	3	0.654038835263632	0.129141962240923	0.471404520791045	0.745355992499964
3	3	0.654038835263632	0.129141962240923	0.471404520791045	0.745355992499964
2	2	0.5	0	0.5	0.5
3	4	0.5	0.5	0	1
1	1	0	0	0	0
1	1	0	0	0	0
1	1	0	0	0	0
1	1	0	0	0	0
5	5	0.847801476520182	0.285013431982071	0.44721359550006	1.26491106406742
3	4	0.5	0.5	0	1
1	1	0	0	0	0
2	2	0.5	0	0.5	0.5
1	1	0	0	0	0
1	1	0	0	0	0
3	4	0.5	0.5	0	1
5	5	0.847801476520182	0.285013431982071	0.447213595500039	1.26491106406738
3	4	0.5	0.5	0	1
6	6	0.912022659166597	0.291344016299214	0.5	1.11803398874989
2	2	0.5	0	0.5	0.5
1	1	0	0	0	0
1	1	0	0	0	0
1	1	0	0	0	0
1	1	0	0	0	0
2	2	0.5	0	0.5	0.5
2	2	0.5	0	0.5	0.5
2	2	0.5	0	0.5	0.5
1	1	0	0	0	0
1	1	0	0	0	0
2	2	0.5	0	0.5	0.5
2	2	0.5	0	0.5	0.5
3	3	0.654038835263623	0.129141962240966	0.471404520790975	0.745355992499996
1	1	0	0	0	0
2	2	0.5	0	0.5	0.5
2	2	0.5	0	0.5	0.5
4	4	0.707106781186548	0	0.707106781186548	0.707106781186548
2	2	0.5	0	0.5	0.5
1	1	0	0	0	0
1	1	0	0	0	0
1	1	0	0	0	0
2	2	0.5	0	0.5	0.5
1	1	0	0	0	0
2	2	0.5	0	0.5	0.5
4	4	0.707106781186548	0	0.707106781186548	0.707106781186548
3	3	0.654038835263622	0.129141962240973	0.471404520790965	0.745355992499989
2	2	0.5	0	0.5	0.5
5	8	1	0.707106781186548	0	2
2	2	0.5	0	0.5	0.5
2	2	0.5	0	0.5	0.5
1	1	0	0	0	0
7	7	1.0615667555489	0.423318405568411	0.515078753637722	1.76704526812187
2	2	0.5	0	0.5	0.5
1	1	0	0	0	0
1	1	0	0	0	0
1	1	0	0	0	0
1	1	0	0	0	0
1	1	0	0	0	0
1	1	0	0	0	0
2	2	0.5	0	0.5	0.5
4	4	0.707106781186548	0	0.707106781186548	0.707106781186548
1	1	0	0	0	0
4	4	0.809016994374947	0.309016994374947	0.5	1.11803398874989
2	2	0.5	0	0.5	0.5
1	1	0	0	0	0
1	1	0	0	0	0
1	1	0	0	0	0
1	1	0	0	0	0
1	1	0	0	0	0
2	2	0.5	0	0.5	0.5
1	1	0	0	0	0
1	1	0	0	0	0
1	1	0	0	0	0
1	1	0	0	0	0
1	1	0	0	0	0
2	2	0.5	0	0.5	0.5
1	1	0	0	0	0
1	1	0	0	0	0
1	1	0	0	0	0
1	1	0	0	0	0
3	3	0.654038835263622	0.129141962240973	0.471404520790965	0.745355992499989
1	1	0	0	0	0
6	6	0.981058252895446	0.38553315750639	0.471404520790985	1.4907119849999
2	2	0.5	0	0.5	0.5
1	1	0	0	0	0
4	6	0.833333333333333	0.471404520791032	0.5	1.5
1	1	0	0	0	0
1	1	0	0	0	0
1	1	0	0	0	0
2	2	0.5	0	0.5	0.5
1	1	0	0	0	0
2	2	0.5	0	0.5	0.5
3	4	0.5	0.5	0	1
2	2	0.5	0	0.5	0.5
2	2	0.5	0	0.5	0.5
4	4	0.707106781186548	0	0.707106781186548	0.707106781186548
3	3	0.654038835263632	0.129141962240923	0.471404520791045	0.745355992499964
1	1	0	0	0	0
6	6	0.951999392896721	0.348532543246758	0.372677996249982	1.34370962471646
1	1	0	0	0	0
2	2	0.5	0	0.5	0.5
1	1	0	0	0	0
2	2	0.5	0	0.5	0.5
2	2	0.5	0	0.5	0.5
2	2	0.5	0	0.5	0.5
1	1	0	0	0	0
2	2	0.5	0	0.5	0.5
2	2	0.5	0	0.5	0.5
2	2	0.5	0	0.5	0.5
1	1	0	0	0	0
1	1	0	0	0	0
1	1	0	0	0	0
1	1	0	0	0	0
1	1	0	0	0	0
1	1	0	0	0	0
1	1	0	0	0	0
1	1	0	0	0	0
1	1	0	0	0	0
1	1	0	0	0	0
1	1	0	0	0	0
1	1	0	0	0	0
1	1	0	0	0	0
3	4	0.5	0.5	0	1
1	1	0	0	0	0
1	1	0	0	0	0
1	1	0	0	0	0
2	2	0.5	0	0.5	0.5
1	1	0	0	0	0
2	2	0.5	0	0.5	0.5
1	1	0	0	0	0
1	1	0	0	0	0
4	4	0.707106781186548	0	0.707106781186548	0.707106781186548
2	2	0.5	0	0.5	0.5
1	1	0	0	0	0
2	2	0.5	0	0.5	0.5
1	1	0	0	0	0
1	1	0	0	0	0
1	1	0	0	0	0
1	1	0	0	0	0
2	2	0.5	0	0.5	0.5
1	1	0	0	0	0
2	2	0.5	0	0.5	0.5
1	1	0	0	0	0
2	2	0.5	0	0.5	0.5
1	1	0	0	0	0
1	1	0	0	0	0
2	2	0.5	0	0.5	0.5
1	1	0	0	0	0
1	1	0	0	0	0
1	1	0	0	0	0
1	1	0	0	0	0
1	1	0	0	0	0
1	1	0	0	0	0
1	1	0	0	0	0
1	1	0	0	0	0
1	1	0	0	0	0
1	1	0	0	0	0
1	1	0	0	0	0
1	1	0	0	0	0
1	1	0	0	0	0
1	1	0	0	0	0
1	1	0	0	0	0
1	1	0	0	0	0
2	2	0.5	0	0.5	0.5
2	2	0.5	0	0.5	0.5
1	1	0	0	0	0
1	1	0	0	0	0
1	1	0	0	0	0
1	1	0	0	0	0
2	2	0.5	0	0.5	0.5
1	1	0	0	0	0
1	1	0	0	0	0
1	1	0	0	0	0
