"s.area"	"s.perimeter"	"s.radius.mean"	"s.radius.sd"	"s.radius.min"	"s.radius.max"
3127	233	30.8834109877734	4.12188828823015	22.1605937530863	41.1739957263443
3070	208	31.3680171023203	4.53933023373599	22.5627258876725	41.2116915760464
3992	264	36.1577892110273	10.183144709084	17.8404450496172	56.1396496911692
2230	169	26.1799734593083	1.81410269616129	22.5225390806592	30.372806425981
3495	294	33.4006055414188	8.11414320384813	16.5934487813462	48.4313353433439
3198	277	33.5278523428835	9.5427719186858	17.4191021461123	54.6657304632959
2128	178	26.150660304898	4.69023650547834	17.0933897452556	36.5432441373824
2963	317	30.5516915754782	8.37523018907029	10.4446177386172	44.1606096010546
2156	198	25.562194572926	4.29495874363745	12.7210262048035	33.1200183999708
1997	221	25.0337434563535	7.18785392005062	12.0616561324674	38.2220154189315
1595	149	22.3829917655011	3.0630382017465	16.2627961003893	28.2654367176904
1202	121	19.1541186565138	1.49872088221247	15.7998071123645	22.6231619917936
2107	249	26.1973437838216	4.95904872624455	15.9969433057033	35.6481943636834
1060	118	17.9633375192563	2.54213086386252	12.3133581002374	22.9788069178037
2372	444	27.7696400764512	7.73150892861751	10.9893951451846	44.4676332770321
1032	110	17.7682113451369	2.15331867057013	14.1041345558757	21.9871713160047
1273	204	20.6503254854056	5.24776780722	10.5790900956111	34.2407206579042
1201	139	19.3848864060036	3.9575277677087	11.3027077885728	25.9414694350067
1238	162	19.5122866901695	3.84313380172992	10.8386484094933	28.1450344823253
787	109	15.5375257525089	1.8008749464799	12.0660618819596	19.5887286393542
966	121	17.1897918620756	2.45069357262999	11.6068959151293	22.0948600969094
1185	155	19.8831982341374	5.23632049550369	11.6925957342757	29.9012464111563
1337	201	20.8799178881548	6.00235261579256	9.69309114473809	31.3536368433294
919	133	18.3879055095055	5.10669996496803	8.65081624063656	26.7645358829134
1269	172	20.5539521250347	5.94762605291923	11.5589130455689	34.49542074233
1068	137	18.4244173786385	5.6848011799819	5.21415222748975	26.6787692091882
1163	159	19.176239284141	4.99904093455308	7.47227514024527	28.7166539925223
640	97	13.8865786764991	1.24644391230358	11.1757760369782	16.0845392541529
832	106	16.3576191357645	3.70370841895423	8.63207547169813	23.5621116266684
951	153	17.7639911761088	4.41540113963223	8.33276942856904	26.6603622561799
924	187	17.1577477751765	3.8995920807198	10.6433959916471	28.6074025824276
678	94	14.7695266652189	2.94605031544348	10.28120353947	20.6825282788938
1244	172	20.7126857815715	7.47089136259816	8.95119647501014	32.7095493091642
765	132	15.877267014407	4.48598419842549	7.36909013649944	24.1773843432716
791	157	16.3680051597031	4.98135248984237	6.53657125435317	26.5417711780209
874	135	16.1279414140616	3.19971056814598	9.20142232698325	21.6979147885883
635	93	13.8117529241127	2.37334205796721	9.25856404681854	17.8527591203444
567	111	13.5425721588541	3.01807270609565	8.26660893654688	20.2503225171486
519	78	12.4945348189762	1.7387788226635	9.25239631700011	15.8887693498582
997	158	20.1825681651195	7.73013540462968	7.99232777836199	33.4373222388793
608	118	14.4361110814841	3.67770497044836	8.67278794794401	23.1017710806161
738	160	15.2004830238719	5.66732370951941	0.978778735210364	24.8436713835234
508	88	12.5706953427039	2.33976909701954	7.93601738284555	19.0233925157927
582	99	13.4188056915986	2.33154732912357	8.81656759150074	19.1288703868607
729	155	17.077860096997	5.56583653540275	6.12138742239257	27.6589907818742
646	100	14.3753900397366	3.40500531650695	7.14731418086545	20.3279143052109
726	113	15.2571715715032	4.70882768702282	4.38839911951635	22.1689329164753
550	102	12.8577087556942	2.33328602401314	8.7368839467843	17.7349716529503
502	84	12.3298371047827	2.06661404561074	9.03574565525645	17.1228595332118
769	121	16.2542213175999	5.49753927540868	6.11316118743586	25.6580919370933
725	124	15.4937700581003	5.39452804043258	5.58037128733157	24.3819452337564
583	112	13.4700444228236	4.6890757413784	1.5976904568527	20.6211344553225
452	90	12.3341249564094	2.48021376601118	8.49418828187257	18.1578299948936
427	72	11.2869416361221	1.74199298280903	7.43683535260318	14.5076940527568
398	67	10.9131974414778	1.44642374577111	8.39799963452245	14.0065382689425
449	71	11.6420929680427	2.12266582500036	7.59064772926609	14.6839345187117
573	98	13.645171348946	3.34465928833263	8.26722703805773	19.9918376721861
285	155	18.477538439516	9.76713739024774	1.65287250355473	36.6741939739926
526	95	12.8574721978634	3.2443569308057	6.09154538748224	19.114380889443
448	77	11.8377664651987	2.46106923359075	6.39744530729059	15.7683731619359
345	60	10.0832517884785	1.03815008181274	7.54543644271895	11.9610595034237
233	78	9.42542230301567	3.24910965575401	3.30533109918108	15.2400310698025
599	114	13.446597567821	3.58376464563204	5.90376293084451	20.1453933415052
371	85	10.2166636015761	2.11584712909134	5.20763347085623	13.7246677624746
519	104	12.970368183431	4.65163492443944	2.95757101881951	20.8025773963555
616	112	13.3422910671063	3.4737665663003	6.90601191989672	19.8758683708384
419	74	11.3605854199893	2.1828634692422	7.17516667406307	16.2404829691378
513	187	15.3318702211997	5.6501027304841	5.25188415415222	29.8793373510462
552	106	13.2062623157413	3.75555037374525	3.22284089790145	18.6797717669276
343	63	9.99696817809301	1.48449868362546	6.51492075867478	12.9437023523816
719	136	15.2767635596637	5.17953868671554	6.93182710950901	25.0524201722685
467	111	13.5845297746047	4.66023981295143	5.11968594321274	22.2045043400198
354	70	10.2602465308193	1.57751881656177	7.70965469461537	14.3052009950997
337	65	10.110309956635	1.95798457263683	6.60724006690955	14.0124205258792
510	119	12.3937920140336	3.74284897553058	4.77459587453528	19.5669106569199
315	63	9.55904624359033	1.25659519589479	7.17455049847213	12.6257943429962
425	84	11.3862161134959	3.34840146448032	3.54889718107104	17.4526408088236
667	140	15.8120920958664	5.82685449859168	3.25967946339539	26.9845950006098
454	117	12.4423569033673	3.50059400259666	4.86943262567516	19.5019680727709
295	59	9.28429244147177	1.1261257447689	6.73655789667965	11.484323526947
394	80	11.1391680387877	2.92700749976006	5.64814681997562	15.9805057022611
535	103	13.7130676554856	4.64090248464285	6.19945296617683	23.0113145152687
663	161	17.3925808688061	7.3213797880013	3.13186401367409	32.1577227304167
222	52	7.96179000480071	0.752011450199207	6.54027124276912	9.69169717246878
452	102	12.2603655313667	3.72317367266537	2.58157938002061	17.942113979577
387	92	11.4121069354043	2.87819709340893	6.05871749266745	17.5484240913747
535	118	12.4535906535258	4.72551752890624	0.974907828641534	20.5797647328824
351	75	10.2218247588421	2.6432952371298	3.96744530173043	14.7587473120932
369	85	10.3658010778661	2.441706927539	4.99057936044915	14.3649901210015
232	51	8.14695298247042	0.715145006383518	6.05514197431438	9.37759319511277
211	51	7.81262790138225	0.966640925379729	6.17783987311801	9.93454162317484
409	88	11.3387524666252	3.08381477637384	3.79773339317289	16.4473003260878
310	68	10.0998201826659	3.16233085398462	4.25742278719504	16.2998304383309
344	88	9.71641107547516	2.90585889821764	1.72536527453714	13.9503852623124
390	80	11.2003344992087	3.25324466584294	5.23033519480347	17.6849203065776
244	61	8.56218320242597	1.52748174446972	5.49769686208893	12.4213624276048
193	55	7.50473067051298	2.57187767071928	1.39182976065484	11.3750488147168
188	42	7.34650394417001	0.624946239951646	5.95380935242207	8.94534931550565
265	59	8.83733904819447	1.89625400565188	4.85908880748948	12.4478804255952
342	89	10.00108189074	2.69519150807233	3.46178662988853	16.7018040584156
284	62	9.22408825804213	2.15271872036611	5.810840635104	12.9611602620363
497	106	12.2073157540582	3.52007520413586	4.08124372879132	17.6409670989184
261	73	9.00096085448897	2.0063152309917	5.20917316679232	11.8575393107629
320	92	9.65666426122626	3.17525549275239	1.34053074724532	15.1819852080755
680	169	15.9340409700936	5.60745454233288	3.28796607542317	25.2363985083159
173	43	6.95762231253191	0.522437736274434	5.6541766295874	7.84396920528476
186	45	7.23116119237681	0.725334597961084	6.05766527979021	8.64521561827234
312	75	10.078799815064	3.33823886687443	3.73371426627994	16.0601148466905
353	91	11.1530740486466	3.33189324950725	5.64438437661211	17.2244956621412
371	82	10.485910660817	2.82308871693192	3.80663655423499	14.685408185112
347	89	10.9490468040918	4.1818534326064	1.11230280186653	17.5947235322049
241	58	8.56560139532258	1.74512317632257	5.24557454609771	12.5491660902248
293	82	9.25605008139827	2.408989153304	4.02557262748781	13.5371346845255
185	49	7.40512114223687	1.18388426447802	5.28062949814787	9.92149526557729
318	77	10.6425661793396	4.0040557522345	3.53857379032248	16.9311653943966
281	75	8.74694535238628	2.05638634019627	3.12125330952529	12.1164718003587
189	50	7.37534187897578	1.02427153051618	5.66702743949595	9.79158822663618
413	97	11.7293557509819	3.87146838359891	4.21471744354466	19.7325135386145
264	64	8.70441851204984	1.81799885903677	4.56274078987893	12.9605113138188
216	54	7.76811449671687	1.15054322110044	4.97765927989474	9.62824064056607
250	67	8.77113202422339	2.05476663250747	4.71046289462789	12.4286782391057
266	80	10.044758916135	3.35335739472034	5.4550721810074	17.2534869664078
246	76	9.37254395760176	2.65804795513508	5.58175512761969	16.0664144884673
228	67	8.88784602399056	2.50225118597195	3.49180372446207	13.3901893512417
200	59	7.61477712049804	1.81860573824195	3.08292924723621	10.7180844416993
176	48	7.06428666397705	0.858689108299144	5.60358578154309	8.91768880434342
226	65	8.13468783528386	1.79733250077519	3.89036132545598	11.6670273260681
208	73	8.09435823911672	2.25296420617262	3.45935844025514	12.0578529744068
295	81	9.40414547954876	2.87298024485638	2.4544004756485	15.2189577267123
164	42	6.84494638565476	0.754350434757496	5.37468028896764	8.40530148004945
179	52	7.11489420961298	1.00385171008383	5.19479997166041	9.4352746798396
356	104	11.9615441722013	4.67325025749111	1.25402458617112	20.0181523577119
164	45	6.79613351807726	0.963135988768895	4.90084396863829	8.87546208151969
212	61	8.0338541569079	2.04978314160115	3.6877959207396	12.4811925160169
211	62	8.06080012713974	1.8491032669891	4.63936129839268	12.5135202635412
292	80	9.58126194128407	3.07172807430955	1.65118328782725	15.1526039428872
222	67	8.18748192736115	1.77345291276629	4.93984756926505	11.2945240321162
182	70	7.81919179548467	2.14191285673191	4.92525768516808	12.7917782906341
181	53	7.15218468098828	1.512865003565	2.96376599352319	9.56462346733588
222	61	8.21033506912589	2.01864935474745	3.4318723631899	12.2289917703997
189	50	7.61262064738499	2.04792745941055	3.30968276425402	11.8369759651695
365	96	9.91497715738655	3.32059396613729	1.56797651360669	15.583785922572
229	59	8.34336797855668	2.34029450495309	3.92463473819033	12.7643323976236
250	67	9.1876016628701	3.01434983598496	4.03087328099516	14.9429821497198
139	39	6.17153652661154	0.651887577362926	4.70678724331644	7.32225270086906
128	37	5.92186241067187	0.602700225082165	4.77897146863509	7.5980563429024
169	50	6.93201865943067	1.07773712254195	4.2220374228564	9.4077414930471
194	54	7.61128137501165	1.89509168928176	4.21803723720293	12.0021288692336
178	53	7.52124649079183	1.96455427775931	3.98649375159048	12.0559098628079
272	81	9.39563928623512	3.01340285349875	3.7531067250913	14.5062568949496
199	63	7.69850675710654	2.1593866904372	2.63797871879901	11.0793764497145
132	38	6.04717110067258	0.690460375116431	4.81578947368422	7.69362257034017
160	42	6.79182315906549	1.07266799804577	4.59622491254638	9.14338416139795
164	55	6.92340502371729	1.33448231267986	4.6509218849778	9.97698177252302
200	59	7.99503656214659	2.33925065269475	3.11592549157718	13.3402859398589
186	51	7.35861549752249	1.56566797697956	3.25206585630086	9.88896448614447
279	80	9.63866128710973	4.17003325434847	0.877229302976098	16.4596333874725
361	104	11.715358154206	4.65142326049406	2.91204903561031	20.096383877962
121	37	5.83803447565784	0.754270475651023	4.74453281923035	7.74054242790253
226	59	8.27713752601309	2.80462075229517	2.97094036321325	12.2237353939274
163	56	6.78723299626524	1.81321295318339	2.94339670851099	10.534942465676
134	37	6.13595272249261	0.778296379156065	4.30756889026033	7.55080189144158
122	36	5.83174041109646	0.677619343817274	3.97959688385956	7.43889718695081
211	68	8.08055550253865	2.65359388125901	2.37353123405434	14.1145983227702
162	53	7.07839986626058	1.44220338320957	3.36256907327083	9.19009326224407
141	38	6.2381002793191	0.828147267609268	3.79476969107621	7.77176151257295
128	40	5.93338644305924	0.87460008993872	4.18688428309169	7.55843899227881
194	57	7.6730740938883	2.07638537840056	3.72830752598412	11.9055609809646
231	69	8.25443272163015	2.4724537800855	1.463768115942	12.1844760936594
247	73	9.29239927794735	3.1743560214401	2.60652212546573	14.7935375117343
273	77	8.67021890388414	2.73243439677672	2.9865612306603	12.7741648746297
161	46	6.76817982335172	1.27609358851086	4.10173092698115	9.34125147964922
169	62	7.19713836761994	2.32607321273563	1.59644832126058	10.6906773745318
267	76	9.11250367747684	3.26623662013622	2.75380623019532	14.3611052321994
286	92	10.5356946307002	3.85199524689398	2.53204882783505	17.6413043478261
256	76	9.62336911235409	3.69940639124859	3.26583612503265	16.7938711037151
103	35	5.27175104056832	0.747013200264121	3.51231071100098	6.50004709559074
172	46	7.16699198107318	1.90809910652501	3.50060756271373	10.5785834222344
130	54	6.0756360271187	2.2330494154331	1.13372058259364	9.61230635542312
150	44	6.56837588415277	1.26989629166629	4.2765939950324	8.81208786622005
175	55	6.89446064240634	2.06960671492007	2.42739189356789	10.8091482527725
110	38	5.50856851197692	0.80673744392278	4.13961672051866	7.50295417349994
105	40	5.49192176459693	1.15246272458007	3.29933705462173	7.70620691391039
107	34	5.3617783069267	0.614516855118656	3.79514350016587	6.49367538988549
127	40	5.91988215117886	0.888465146279766	4.46549269398122	7.76148342779911
194	64	7.69524568549853	2.44385000034602	3.20373469807114	12.3825044322877
136	41	6.25339587210162	1.40377716696068	3.29412795753223	8.46931684264329
118	36	5.86867238987182	1.12012143746881	3.96843253566486	7.91788489652179
137	57	7.06440711820634	2.823629576582	1.86336933415506	12.9302530339156
172	63	7.84613863371366	2.45364444759003	3.3054007280953	13.358498549504
155	48	6.60743278340123	1.75527243423641	2.01825436812223	9.39805036666887
112	36	5.50827803065574	0.731721495428354	3.8530090854222	6.69669164680181
99	30	5.16884293413085	0.656384414854122	3.78843268677457	6.54870640321853
126	46	6.28216076497606	2.55699762247287	1.33372710001549	10.1487053007596
115	37	5.79020214680607	1.06758549649623	4.24694278387356	8.37039724484577
143	49	6.66064916145647	1.71373197421137	2.52435038303125	10.247194636462
132	43	6.24412656598969	1.60332325543961	2.67603591138583	9.34597318157153
207	59	8.12501475998204	2.72816996607721	2.59050483722616	12.9300151424071
108	40	5.54433076355197	1.18232668257603	3.16425346645932	7.72738636280086
137	51	6.04426968433708	1.58219101144292	1.93084993426877	8.37613001437337
107	34	5.4990738757646	1.13636630423268	3.4382843553085	7.22320846192538
115	36	5.72134153649055	1.34945728848499	2.5982247025495	7.77286551225513
112	37	5.6028599717915	0.988722909917609	3.84962028427341	7.54146075950435
125	50	6.07546352452021	1.42546236787383	3.42005847903227	9.06955346199575
132	46	6.06867606062027	1.22728848842696	3.75785252192778	8.22719107398533
213	67	9.2983204607522	3.46881248971084	3.90765537761888	15.0045140605094
206	58	8.29092465124781	2.79020455086268	3.21249973974844	12.8951801778518
107	37	5.42488940974046	1.01454615043151	3.10634497582581	7.41624773454805
94	31	5.05087135189395	0.613445720641724	3.82893849927328	6.1735227329656
112	36	5.42384383032554	0.832020198319956	3.19299484017471	6.57230675253244
218	68	8.0767441332412	2.28797860013286	1.59563906126693	12.0080440887503
140	45	6.75793755934013	2.19818296306785	3.63141301614494	11.1887068284869
90	33	4.96427085650336	0.839071257363441	3.19334132748007	6.43973261141483
123	85	5.925314256322	2.70882073739785	0.65976823024983	12.0376859218431
129	45	6.07436901918991	1.47097566729281	2.60009496502736	8.75242470813698
141	50	6.45746019646973	1.97696935004291	2.25228772584676	9.87283140745349
107	33	5.48602761270881	1.01545116540747	3.66303351182098	7.30460186787184
147	55	7.03700386806171	2.62774416007377	2.25491199366491	11.9397384967972
231	70	8.01848976930585	3.19877932444178	0.77472839216891	13.2363213953738
95	78	8.713660965661	4.6946668601633	1.17948717948718	18.0386027731245
97	35	5.19820870795026	1.01290333564736	3.45726091888132	6.8334113153009
95	32	5.14175966387077	0.960042998511785	3.125	6.875
173	64	7.22965028036194	2.66844234677039	2.43072978046203	12.3757200705908
95	31	5.04859882211663	0.719648129074557	3.29616811549062	6.19522826680629
115	56	6.3891880617673	2.69382994803333	1.42432404304347	10.8097237499865
109	39	5.51222530068549	1.12030484740387	3.04686169795139	7.43700257039651
274	89	9.33943650747537	3.8381961070555	1.55730499213561	17.036590725777
91	31	4.9886994560521	0.828395327963375	3.81518953341221	6.57027962887923
82	29	4.64389915973805	0.503451463982472	3.51960704757258	5.80499600317771
120	46	5.80558768447961	1.73607624012966	1.71904158464945	9.39696387439644
102	33	5.41974836740768	1.07823904723439	3.26739183495368	7.37584721441511
104	42	5.49617852229453	1.30478062909846	2.75059259745754	8.29480891131817
178	69	7.38118341426193	2.33066836828318	2.46994111584307	11.5218393943318
94	35	5.06937185573265	0.904997242379149	3.18875575504082	7.08093156560175
103	35	5.18939786517129	0.881063133909963	2.52012309385144	6.3364832839804
89	29	4.93035443820321	0.939704143370028	3.37050224366553	6.77584013333287
82	29	4.64851979962318	0.600290009759326	3.03937693095454	5.56124691960644
74	29	4.36644342688566	0.5641262156672	3.22095546418441	5.34293626158523
76	34	4.59623211517595	0.966612085968371	3.1574868461153	6.71471296796929
139	55	6.48930550117472	1.78441046959317	3.10355701022269	10.6402013278659
79	30	4.70195043182624	0.947215758000582	3.08130563956978	6.67541093200347
166	68	8.80454076782406	3.8173821079873	3.12184096383218	15.8887310178125
173	75	7.74986010003842	2.89970526986016	1.47807682855495	12.5962181273233
69	26	4.23632384909793	0.560281424955244	2.62554587167322	4.97389635702377
106	42	5.42324282644638	1.45666878782241	2.51942566251407	7.94414315271571
96	34	5.10977745537284	1.05433753786947	2.74649824233625	6.98837393405759
197	73	8.08080427584467	3.72042057551032	0.728221033424766	13.8715794642293
111	43	5.93744442101039	1.84686126368324	2.63448446245364	8.96302723526598
131	54	7.1226230597674	2.7931789112453	2.06910781088341	12.9322917573035
66	27	4.15064677194452	0.67167233099594	2.94182273219421	5.55666655557767
133	70	5.69604403360277	2.48886924573395	0.657298118304405	10.6128243562365
82	38	4.8285181477685	1.20930591949248	2.34225310000599	7.0046482390559
95	37	5.13902116866889	1.06862475704166	2.7093162326503	7.04156500301919
150	56	6.78147604373996	2.40444444234928	2.69554148132631	11.3412118724012
87	36	4.98110613344315	1.46786616218616	1.55654730290244	7.99170094226615
86	37	4.88640558306982	1.0580114256446	3.09810375803393	7.40367902544141
138	51	6.35493930950095	2.04128433112654	2.08563310205095	10.0350788045157
74	34	4.74847209118004	1.39435552573806	2.56827194067249	7.7730013619586
69	35	4.479493188554	1.34295514772473	2.14190455017042	7.34958002409743
116	54	6.05114843601807	1.97164268976034	1.08692819191325	10.4649293465225
154	65	7.32089307601844	2.86530423454257	2.40399076488098	12.2101131815116
60	23	3.95411229183399	0.575299503336306	2.81133272353516	5.51197356234455
192	76	8.09246892809999	3.74912279299949	0.655522037214828	14.6676595084923
117	46	5.70543650611693	2.47147773896039	0.962677818499287	9.59237744795165
57	26	3.78505856627675	0.620379006248155	2.46903905318522	4.90094182471392
82	36	4.7344923620932	1.03660561887518	2.74550699179137	6.752285849809
71	30	4.30674051583018	0.979675409043526	2.1116081286283	5.93791957581854
156	55	7.35202484622394	2.64518181962089	2.05510853104652	11.9112558753863
81	36	4.75972089924123	1.18217007961153	2.60400925450175	7.00815221944163
80	32	4.78472631034722	1.16086393370245	2.24500313195773	7.11354616647
123	52	6.11833098304895	2.37548922514635	0.620173672946085	11.166570990788
86	35	4.98712805805836	1.63893402946402	2.05972060716785	8.10905263849467
90	35	4.93698888350564	1.24671730133492	2.08747479515519	7.0721067495868
69	36	4.61166575053407	1.33661937402915	2.38080025969067	7.76755280273082
63	24	4.03167747664025	0.507670663057756	3.30850125518418	4.99461515590099
87	35	4.92979524610339	1.36096321490067	2.67566508992985	7.11451519997054
75	39	4.25348224730638	1.59385300587229	0.722057837965589	6.61647774709306
95	42	5.0451463504615	1.35191621069762	1.74704155503274	6.82814636387061
81	31	4.68154085809764	1.07856388957242	2.87096774193552	6.70944478504898
117	45	5.65236400572816	1.95793186708105	0.711458248603609	8.92907582349525
54	25	3.74361726982566	0.49125323109684	3.08933649834387	5.07385455053658
87	33	4.87594612418417	1.19502630503228	2.19021951510214	6.80975910734674
76	28	4.60970475102928	1.02238200565195	2.70416345659799	6.26996810199223
61	24	4.01491653652671	0.633465498711383	2.79508497187474	5.46008241696039
92	36	5.33597860598934	1.64016491804922	2.51185460969516	8.83669572623306
53	25	3.67066807951608	0.672752443341309	2.00838243370135	4.97931722227057
135	60	5.90769735748459	2.0558725476959	0.649999999999916	9.88546913403705
90	36	4.78414021573641	1.1180875100475	1.74823544195107	6.46363283167571
56	23	3.92901270703426	0.794299740664727	2.37225615055718	5.69681368840319
91	40	4.93341311524228	1.39850278310608	1.74086903585538	7.40814585439569
116	45	5.64399239911614	1.55719490480761	2.41487161941816	8.76789880089384
64	27	4.1722545764944	0.993656619419715	2.75098186736443	6.19238879693012
72	31	4.39574714951925	1.10291833320995	2.51633580622662	6.13895631189661
52	22	3.66328725530959	0.599376430068004	2.77868213010505	4.75711732977611
128	54	7.15515512443492	3.05065544260535	2.63471079251963	12.4177679242075
76	38	5.05738986271088	2.35648078336455	0.960436188994422	9.36265345820258
60	26	3.95775875555476	0.871333779849357	2.45732812999434	5.89980442961392
60	25	3.95697064567215	0.717762710990828	2.65088664412493	5.44308735921075
70	35	4.56999277520098	1.31057812212881	1.88159723726021	6.96299255393269
71	32	4.53258684975023	1.36951755172079	1.9570585389814	7.23827176368779
88	36	4.92668903740972	1.73252846491863	1.119758020597	7.53351564840023
71	35	4.31401581601221	1.04816758884187	1.56908916774239	6.18332187321302
116	49	6.06127203582648	2.27288822306664	1.41891782006274	9.38371696645963
48	21	3.45922670352234	0.453967195450254	2.36422696901074	4.33359496855368
62	28	4.06438885970563	0.968181723728571	2.01081260860848	6.37297386769846
52	24	3.65627976115925	0.628893629341351	2.65884268892398	4.95675745265437
68	29	4.24744690784861	1.07045657820195	1.71791982166635	6.10422749750209
70	37	4.96074151022547	1.85649094884941	2.29538871433367	9.16212229920372
102	45	6.01086902681277	2.21394496497428	2.35020356355004	10.1111111111111
57	28	3.81764093247182	1.08131408928917	1.73389087056269	5.61305420880822
57	26	3.90819599795385	0.987180202210668	2.23209509669952	5.40490682172034
90	54	5.33228020984923	2.69721145430229	0.118576374767325	10.1441090907748
80	35	4.81541455357132	1.64736865745955	2.04540300903947	7.83112575638039
57	28	4.02790406610094	1.21185431265637	2.04945239077195	6.5454650136486
62	29	3.88756183696146	0.714926430410514	2.12454093803442	4.98583009975175
83	38	4.91774631953256	1.39125024021805	1.72021547320046	7.80426227745395
45	21	3.31559803990962	0.46657688700683	2.44532039551769	4.08581418459293
80	37	4.58799442702972	1.12834859041374	2.41086534903771	6.67195431893034
74	33	4.42542148108331	1.08611619445665	1.64028710336054	5.88729468866201
77	33	4.55602690880348	1.20802789148577	1.85740520251178	6.28815260447991
44	20	3.29165477818862	0.447223457823966	2.40104144070855	4.35488231758335
95	44	5.25434859156963	2.18010884986931	0.840909090909122	9.32386190515743
54	25	3.76168316393486	0.825675344290374	2.30824608740054	5.16991295864831
72	34	4.46682496962226	1.09847359591939	2.37999156754636	6.52278412970785
65	30	4.11938387527144	0.901608956463893	1.83060402903275	5.76348659908024
71	37	4.67173915222011	2.04788799951355	1.08175654573998	7.96495244772507
85	38	5.22675978621055	1.89990854973682	2.49056390949074	8.42882043054752
44	21	3.31241779812715	0.562023300282915	2.32944282069242	4.50371476805743
40	20	3.10515751163288	0.430693426870984	2.35000000000002	3.81083980245826
64	30	4.2397720649242	1.20733846572606	1.7029386365926	6.76017751246221
108	49	6.28669912330751	2.91303003684511	0.506928259117323	11.3924355826483
70	42	4.81445539972851	1.96774988557698	0.614451804788778	8.52427506044487
95	45	5.41480147645752	2.46565024758033	0.894703206186546	9.31906316491125
42	24	3.15823559757918	0.80441014909152	1.51497158022479	4.54185779414356
50	26	3.89207186879796	1.28129520272025	1.91614133955094	6.62007883540535
43	21	3.23730518969608	0.660268795271648	1.97317612905722	4.41729234433597
70	37	4.26493046256938	1.58756903914431	0.630952298915119	6.63880836289023
60	30	3.85730428077622	0.962683354515384	1.85142587693313	5.51009175160554
37	19	2.97916347784182	0.536674832035685	2.02477726964961	3.87226804777183
46	22	3.4084662745143	0.620019170027071	2.32530101135072	4.46681982386157
74	35	4.58453180028744	1.50889431362976	2.38857826383165	7.376963591935
53	25	3.68811233815327	0.818429826656866	2.49158584038361	5.38590753726797
32	18	2.70972090947688	0.464816703714923	1.61493798374982	3.3577807191692
41	24	3.21313735020016	0.845978087366492	2.00043398069297	5.0333954190432
51	25	3.68697232059618	0.98946202916413	1.84043473125235	5.36537044387427
76	54	5.40502054524747	2.77136639553844	0.484676012159371	9.69792378045821
38	26	3.13682569577078	1.24355105601194	0.192307692307645	5.18489499360148
41	22	3.19949700868604	0.785190853571953	1.59868230864259	4.67209935646641
136	65	7.75740921855309	3.69219533041244	1.43242253526203	14.7900014202784
49	24	3.56747729409037	0.792005317416715	2.01556443707464	4.8541219597369
53	25	3.74538566173239	0.952095712042358	1.88297636735039	5.52318748550155
62	29	4.27421233778751	1.44081104858059	2.07613699634347	6.97038068519594
56	29	4.01261698857134	1.15245641775477	2.20931979029535	6.36139142266395
54	27	3.74717570593359	1.01556711290919	1.37486749579783	5.4841084796151
41	22	3.22549818938793	0.713711826125241	1.73085752405998	4.69965710020466
64	32	4.2843064303653	1.44501826484322	1.34411332297541	7.05295261752126
48	24	3.51795150677917	0.902767643512098	1.74900765515126	5.18578452224068
48	25	3.60290358433251	1.10773903154305	2.01791972090069	5.60285641436578
67	30	4.43498556515876	1.46621687540498	1.5322459912748	6.76863682320473
72	38	4.8068158273348	1.95742233856212	1.42713124873225	8.78005325610587
34	18	2.84228740681587	0.516799099652441	1.94047213295258	3.85701221282441
46	27	3.39540420391288	1.29127433728693	0.832303890897946	5.30095625092411
33	23	2.80614801654261	0.756080731773458	1.03711829929363	3.9658275655622
57	26	3.86349951317667	0.940224653610829	1.9701920730563	5.46641169367384
45	24	3.40941652436308	0.908587772962923	1.60997325719683	5.37047613241957
94	47	6.04028005999469	2.65631051667105	0.857686994499873	11.2926020483805
55	35	3.96266053954159	1.45468105045883	0.569281681290611	6.57124223338296
39	18	3.14599295000946	0.580772123750215	2.44696839394947	4.14847882279879
48	27	3.97198889097466	1.41846958538121	2.10558080052616	6.86295396853369
48	26	3.53981269172131	1.48141087431361	1.02194848119894	5.55792520140197
47	23	3.40947710538862	1.00529923324359	1.05069964987778	4.84719239375538
35	19	3.00133669434072	0.798377986974091	1.69731742069448	4.53487562706066
73	41	5.51903400623247	2.48339915670871	1.57179936446028	9.87518778200818
67	29	4.58461818660785	1.66921243037588	1.36021261540111	7.4130713361574
66	27	4.41910537147116	1.35057226342867	1.93870404863738	6.61222627797672
26	15	2.41885218713371	0.362458713539497	1.79381653960987	2.94693814737336
40	26	3.32270520301998	1.38125123923744	0.742815689070328	5.42907469749729
44	24	3.49968210330215	1.07793663916246	1.00346621489936	5.06691337118678
47	30	3.67623892005828	1.7028540298843	0.593483127158835	7.10062595049822
26	15	2.46229377801	0.461156054203796	1.8049315160908	3.36518119043307
47	25	3.44754242626612	0.956269428087666	1.45602197785601	5.23450093132101
47	26	3.45356360934967	0.917675958825565	1.61721508012527	5.09147099796091
39	23	3.15089332546392	0.884672989757184	1.42420342210085	4.78517717591682
32	15	2.7953573645433	0.37620839975881	1.94365063161505	3.33333333333331
31	15	2.73715241950113	0.412575877435055	1.93333333333329	3.68842031829956
25	14	2.43955011908725	0.413574897755185	1.85714285714283	3.12004709540593
39	21	3.25240874234744	1.11374659461223	1.60073679180687	5.37104017508321
48	34	4.09099125727882	1.62643119194806	0.686624560584063	7.48730182250691
23	15	2.29328037856181	0.403840720489687	1.80123414481413	3.40261337471322
49	29	3.63336041243502	1.23354812785817	1.24615937928231	5.74466614005037
36	24	3.22472657436502	1.03519304078763	1.40991035964077	5.55168267785139
30	16	2.6605057083945	0.483951831900956	1.75	3.47311099736245
39	23	3.25266217090114	1.13650533590838	0.97705239366279	5.34853300382502
57	33	4.02494068068245	1.53263829947716	0.51870432632191	6.56177818628633
44	27	3.76807982474297	1.62091430559412	1.31520599293073	6.35581886703103
36	20	3.04219903327969	0.839657693296576	1.28062484748654	4.56508488420535
36	22	3.09782732139445	0.961315267665557	1.3236563435055	4.6930579996873
33	17	2.82548013538704	0.528807888632486	2.007770372456	3.75366026671615
27	16	2.48210784345006	0.384362333591243	1.83818014623159	3.24097304061604
30	15	2.71964496324991	0.479789475224329	2.00997512422418	3.44093010681701
41	23	3.42303617544775	1.25832843460143	1.57544964626034	5.75245488813913
67	37	4.71170755078273	1.9749975853418	1.30767247604356	7.90188186663986
46	44	3.63260702113218	1.39728666767923	0.487975239854189	6.38975969232178
31	19	2.85958389086756	0.914675016934008	1.48211872003462	4.59826536003845
31	16	2.73959117166795	0.722484575696275	1.28847050800552	3.69596486049313
29	17	2.7009924608197	0.775134503309861	1.10519377812095	3.92401884239008
26	17	2.48358995782062	0.709268072190735	1.38454144658117	3.76194751889874
38	24	2.95069632258065	1.23321602627624	0.751156515721669	4.75018274502267
21	12	2.20220943714174	0.476090835715977	1.58333333333331	3.05618680348204
33	20	2.80947897037443	0.815063135605977	0.996242942258593	4.11004866151238
19	11	2.06269046073419	0.20695101921275	1.67134330098635	2.33018283963208
33	20	2.89278039402982	0.916144962283072	0.917877987534323	4.52133829745129
20	11	2.15314162942898	0.273358601973323	1.73681574314022	2.73332661424961
24	15	2.35247998509677	0.519886876314016	1.31487219488771	3.25508149752896
22	16	2.31994493370412	0.6765347401136	1.21353048993422	3.51392319921765
28	18	2.59747891631979	0.781746743282131	1.1439589045541	3.94092174465959
48	35	4.51321237729068	2.20127415716925	0.90215162307704	8.24705265843625
29	19	2.65239883503243	1.08155747397126	0.692260338840359	4.16189015230932
31	20	2.88157082028292	0.940239122614028	1.40089257261217	4.8541219597369
30	20	2.82548966295666	1.08009636816584	0.806225774829813	4.29534631898287
101	174	20.7122513286931	12.0253138848446	0.452565680979526	42.4312586691383
22	13	2.25274441031328	0.379575464229285	1.64442756357159	2.81689744978461
38	24	3.14965815880831	1.28619837522444	0.683384144452344	5.15270290451743
19	11	2.06290536049743	0.375653681609799	1.30162009666147	2.7408751693966
24	15	2.3521070122574	0.52157170871703	1.31487219488784	3.16157485370122
28	16	2.61479476757687	0.521750250074326	1.625	3.625
23	14	2.25957832682355	0.412087356067755	1.31319830791783	2.77929663690622
31	19	2.89704473001324	0.93881311209916	1.37246366425315	4.73947295362216
22	13	2.2382848462935	0.320167116293702	1.74396677673156	2.82214405043748
51	25	3.83342016200807	1.46509039363105	0.847584804016685	6.12849084196103
29	17	2.61434049182483	0.64638916181696	1.54740546329008	3.74720195497244
38	27	3.19363220340966	1.57776040316999	0.487146164369121	5.43448320282214
20	12	2.14278063453359	0.545325628552996	1.20185042515464	3.07318148576429
28	17	2.59109284038598	0.705202493515443	1.31533410441166	3.98092336839732
24	14	2.32899877142824	0.445211974544243	1.44631833795116	2.99148451305315
32	21	3.10267659684872	1.07609406384081	1.28218209693677	5.00725097815928
33	20	2.75956625825705	0.703415998033281	0.943398113205622	3.75366487582466
23	17	2.30828275041846	0.650150594880682	1.39821933223587	3.61561396720692
21	13	2.16831491914064	0.444768136736207	1.12001690604319	2.89970412691852
24	14	2.37121799528137	0.504852690655351	1.59719141249987	3.44045559394067
26	16	2.51354506371546	0.633120219762135	1.59099025766973	3.64434493427831
27	17	2.47590146494505	0.540423227297527	1.53054256838323	3.3150594832013
30	18	2.67534944721996	0.741144694858341	1.45826719426744	3.81719630806708
54	33	4.45316005054242	2.04504801784474	0.978182569186046	7.87703943303379
26	22	2.56661349729575	1.11493213600468	0.41160841536985	4.26256043800009
32	30	3.12801076674534	1.39840932602912	0.509901951359283	5.50090901579001
27	16	2.55116997608221	0.772658076471541	1.4429245475769	3.81864259259753
24	17	2.42563968818954	0.891332034160812	1.04235559686289	3.83843249437073
26	16	2.49262148292152	0.732692393080554	1.58113883008419	3.53553390593274
20	13	2.10600758719889	0.424401529268356	1.24034734589208	2.89562003457208
21	15	2.1847267478247	0.632694531881432	1.16619037896901	3.31058907144941
17	12	1.84266556944131	0.312472646404599	1.50231303144329	2.46784881582677
19	19	2.41817401205952	1.11279244406909	0.268369448083866	4.31257903697293
23	14	2.27378486562453	0.569912575787298	1.56002354770294	3.46483795303845
22	15	2.24561087544368	0.63727598807577	1.13333333333332	3.33932794303153
28	17	2.58623560850716	0.769195809855078	1.49971162164497	3.74350648863464
22	16	2.25599467027806	0.707341358664236	0.850091906795965	3.1380975526583
13	10	1.60134316594918	0.44238000052881	0.799999999999997	2.1540659228538
28	16	2.56652042262651	0.8142314905732	1.5	4.03112887414927
17	13	1.93850596284337	0.61984390481817	0.791971549306718	2.76174201092562
18	12	1.97669901333686	0.451411255712784	1.3743685418726	2.74873708374506
38	28	3.65343717950181	1.7592608721421	0.485766803883367	6.39923863455964
29	21	2.71553485412104	0.959507705311783	0.647689071844556	3.92676726249298
18	14	1.98176569776843	0.65164832193059	0.928571428571431	3.18558616013968
11	8	1.4626295083277	0.281895231192485	1.13192314226718	1.87916204729661
20	19	2.26207862627406	1.00519854320862	0.588438941447342	4.03653673448713
20	13	2.14683083372497	0.527912242578991	1.47964492782087	3.27533367016063
17	12	1.87010249740442	0.376305113027494	1.16666666666669	2.31540733157498
43	28	3.72102610658784	1.75498863878231	0.536903442084795	6.6064671469149
12	10	1.50398784255092	0.43361338708464	0.80622577482981	2.24722050542441
19	13	2.01416311229917	0.409876844990366	1.24273034010798	2.64686931293611
19	12	2.02909522615543	0.354722594077109	1.41666666666669	2.61539247107922
22	31	3.6360808096171	1.90801437188843	0.547437508015384	7.39723209476975
15	12	1.79731701034299	0.61140676394558	0.901387818865997	2.61007662722764
12	10	1.46832385059276	0.306635075913475	1.11803398874989	1.80277563773199
24	17	2.31338631044576	0.684333970218051	0.688511759454188	3.46460101708884
21	14	2.15812291013545	0.549262394687522	1.15175110689978	3.32277238560372
29	21	2.60040951760688	0.930584899174566	0.647689071844648	3.92676726249303
19	13	2.10541154958076	0.665568818276799	0.985096036528106	3.28885512714343
22	20	2.29972596440354	0.800787417888297	0.41231056256175	3.4885527085024
25	17	2.44424671649463	0.843077159085473	1.09418089633762	3.81446890279371
12	9	1.52410573264617	0.268632544770983	1.02439382858807	1.83921615080517
13	11	1.60719909412742	0.5097904260062	0.782029569731163	2.62379448902938
13	11	1.56704729332823	0.434730812855761	0.949118773537342	2.44780218506113
27	21	2.55154426387048	0.962945269922264	0.810923160282252	3.95696807819853
18	13	2.02366936533026	0.678951631248735	0.951485913604071	3.23168485193851
17	12	1.99495939292893	0.820313841369505	0.424918292799397	3.24251274305725
13	9	1.62032560142814	0.405793546211218	0.80890109880894	2.23330569358242
15	11	1.82012207279839	0.523385612733314	1.10968687415758	2.8531554229955
16	12	1.86192843791106	0.498498013913667	1.16963907063487	2.92142469049298
17	14	1.91338205358067	0.71584810175798	0.505076272276103	2.71991896637996
46	27	3.71744519310315	1.53409280763816	1.48240711823625	6.6814650570547
16	12	1.8617087027514	0.666155333478557	0.916666666666629	3.00115718422819
36	24	3.00928066101128	1.24015317733879	0.637377439199098	4.88940180390199
14	11	1.65768009307685	0.459101726164416	0.82321683073982	2.24528891549613
16	13	1.90728972500983	0.601868677430494	0.832050294337781	3.10086836473015
18	13	1.99929432982005	0.501341094274703	1.23317073399093	3.08556478771257
21	16	2.34423110894872	0.916797691880315	0.814900300650331	4.11267096909053
13	10	1.6128990204492	0.445597071168589	1	2.23606797749979
14	11	1.63662496621895	0.338891058750266	0.966376892066795	2.20067607943824
21	14	2.13032547886857	0.425559759828672	1.38689198849627	2.91460082330043
17	14	1.87563615519045	0.527169214474168	0.589015089373955	2.71052370871578
20	16	2.2247132042624	0.856880918669877	0.615553612612256	3.77543457763474
22	18	2.50706015371667	1.13929044539988	0.833333333333394	4.5491146879854
24	17	2.44531352656466	1.03887693506578	0.970142500145387	4.23570259468112
18	12	1.9256041238095	0.312416891226163	1.53659074288216	2.3863035105461
18	12	1.99628674676499	0.51462532457161	1.11803398874989	2.69258240356725
22	20	2.40944992862502	1.08145783156298	0.651920240520239	3.92746737733109
25	21	2.79871900843929	1.24696712620718	0.86896607575688	5.2137964545413
16	12	1.80439215781431	0.457653491842905	0.885845484394518	2.60474993468122
29	21	2.86328706476977	1.25492223468532	0.994314905610541	4.80952380952381
12	10	1.46832385059276	0.306635075913475	1.11803398874989	1.80277563773199
31	24	3.10708688213251	1.39773030151347	0.475073093791303	5.32844828361045
17	12	1.8674585798198	0.576231634936721	0.920446751432237	2.9178569000019
24	16	2.28003276291127	0.519808233920144	1.42521928137392	3.08727225880712
32	21	2.66712957926736	0.836946094030686	1.04436724759341	3.91520091258942
19	15	2.08450759305207	0.737371672494371	0.954521404218421	3.21109188767792
13	10	1.60134316594918	0.442380000528809	0.800000000000011	2.15406592285381
17	14	2.01549098251274	0.801172722989794	0.931314629314566	3.2087253493167
17	15	1.98393416045169	0.719262525317541	0.824621125123499	3.41760149812707
14	11	1.6323620476812	0.477447514142761	0.862439361864146	2.4155145919248
30	27	3.36312656580082	1.41448406210123	1.52257813267366	6.09976500030821
21	15	2.29384373912777	0.772048365222085	0.970681318570735	3.73392852398413
24	16	2.39730671266521	0.74673156181476	1.14904851942814	3.71756808949076
20	14	2.18729229896908	0.796316360380312	0.931314629314657	3.58710843699706
32	19	2.78484824859325	0.965194717000365	1.16861070058811	4.4066180397757
31	21	2.69865962804429	0.74123933951802	1.20561799058783	3.97326667523872
12	10	1.50958349148505	0.413712076492588	0.921954445729276	2.24722050542443
24	17	2.37762335471103	0.650408910306999	1.34395995985833	3.55383705105724
21	14	2.15812291013545	0.549262394687522	1.15175110689978	3.32277238560372
18	12	1.98992057580852	0.512287345340597	0.971825315807583	2.63523138347366
21	20	2.36263950702087	1.04543510552505	0.570087712549568	3.9274673773311
15	12	1.79005660590759	0.586778031931774	0.931694990624876	2.97792806420092
17	12	1.87390934730753	0.459005425126655	1.20185042515467	2.66666666666669
16	11	1.82763995480362	0.528740868809308	0.862439361864092	2.73332661424964
16	12	1.8722362490637	0.547984473545971	0.833333333333348	2.58736244937668
18	13	1.95671887364761	0.413825143643114	1.41421356237316	2.73158167762539
12	10	1.54587722133942	0.458545108515972	0.894427190999916	2.52982212813478
11	9	1.41683715376239	0.302221626984681	0.949333749479736	1.88888888888885
17	14	2.0114663889	0.804910254218445	0.85714285714289	3.21031500774916
13	10	1.58308528912779	0.306334730886284	0.999999999999977	2.00000000000005
12	9	1.52915165319407	0.325790831636323	1.05409255338947	2.02758751009941
15	13	1.91364888157598	0.701280337589154	0.877058019306994	3.23443016025056
13	11	1.61550843566331	0.482812283307157	0.838140405208496	2.33018283963208
23	18	2.1234587934522	0.64083994798254	0.283278861866313	2.99485154932084
10	9	1.30559831619746	0.350105027912362	0.785674201318433	1.98761597999987
20	14	2.10191368751615	0.681624465124866	1.0903098230339	3.42931539547356
19	13	2.02172321328459	0.456610596714427	1.36308039589763	2.71964146610216
16	12	1.86986219480645	0.549751292444792	0.786165094337998	2.72972322569321
12	10	1.50958349148505	0.413712076492588	0.921954445729276	2.24722050542443
17	13	1.83946485031827	0.378148493820199	1.3630803958976	2.69120856685164
32	20	2.84220186827727	0.965343741866704	1.51327459504216	4.82597140480546
7	7	1.0615667555489	0.423318405568408	0.515078753637635	1.76704526812182
18	11	1.97948018806332	0.384413693231854	1.39064168552531	2.65043267947512
28	24	3.07583623266153	1.36524146128965	0.465847495312378	5.54229319766554
11	10	1.50600391336146	0.41467121064764	1.07703296142689	2.39999999999998
19	14	2.11842266728309	0.783789652309682	0.428571428571445	3.32277238560372
12	10	1.48651254095119	0.400350428493374	0.728010988928053	2.0808652046685
13	10	1.58308528912779	0.306334730886284	0.99999999999996	2.00000000000002
17	13	2.00036054220858	0.678303886700848	1.14354374979367	3.23443016025061
12	8	1.58446749791901	0.314384713429692	1.125	2.00390244273517
20	21	2.44984499952759	1.1695614523236	0.449237196764594	4.09551494080852
14	9	1.73016075978824	0.261289380478251	1.35172500673291	2.24708315735069
9	8	1.20710678118655	0.207106781186548	1	1.4142135623731
13	11	1.55413102025617	0.495816293268904	0.838140405208484	2.18938083250763
9	8	1.20710678118655	0.207106781186548	1	1.4142135623731
12	12	1.56981733378927	0.601716234967635	0.506896877524849	2.66275755144508
17	14	1.88192580520972	0.533747014914979	0.677630927178919	2.65153017046722
15	12	1.71944519299771	0.450810881079081	1.04416367384513	2.56715363345823
17	13	1.91769505692923	0.567842996460456	0.832050294337938	2.78733398953752
17	12	1.91054554525523	0.419767326496819	1.5023130314434	2.63127556730775
19	14	1.97834350049077	0.618122448559237	0.994884876941733	2.85178068252527
23	20	2.50527566601751	1.14503005954452	0.602079728939653	4.66502947471936
14	11	1.64996168454035	0.4508284310683	1.03652311372648	2.48300005159047
34	32	3.39158197947272	1.43719555089622	0.494105884401309	5.88380324492585
13	10	1.60114776748255	0.355423447011633	0.781024967590683	2.19317121994615
15	11	1.78303361906993	0.508731404762857	0.749655568294141	2.52589890717269
16	11	1.90284486993027	0.54455190099832	1.12448335244115	2.93736262207338
22	18	2.38303599146575	1.05123264821009	0.571979452277052	4.17591566065914
9	7	1.30058430454811	0.252155720893753	0.903507902905297	1.72022779697028
14	13	1.93025587771136	0.843790299212997	0.696568087548964	3.51160375708101
11	11	1.47490376334064	0.566150737417741	0.374827784147064	2.53243423221531
17	14	1.96278663543243	0.785402049188746	0.728431359084685	3.22300404933668
8	7	1.26517190495919	0.392991210739214	0.728431359084746	1.91662969499988
12	10	1.54081374240382	0.48568818311703	0.700000000000045	2.11896201004172
8	7	1.16859162333897	0.430597289848952	0.404061017820913	1.73793215151379
9	8	1.28558764453367	0.379656961245783	0.760345316287277	2.01943680267544
8	7	1.15868003941698	0.212639761797923	0.868966075756859	1.42857142857147
12	10	1.54081374240382	0.48568818311703	0.700000000000045	2.11896201004172
10	8	1.36135515908726	0.290193264612593	0.901387818865997	1.67705098312484
13	12	1.57845879080897	0.501521087566059	0.916666666666742	2.27455734399266
7	6	1.08531432618138	0.21051136693226	0.666666666666686	1.33333333333331
12	10	1.54081374240382	0.485688183117038	0.699999999999989	2.11896201004171
11	9	1.47878059591808	0.45636572782279	0.702728368926255	2.32006811309117
8	6	1.24535599249993	0.180060504491818	1.11803398874989	1.5
11	9	1.50077635319794	0.539333119903743	0.888888888888914	2.33597733795871
9	8	1.31889607413364	0.427069251568025	0.673145600891813	1.85825859341481
12	13	1.78550723854625	0.658229197352171	0.729756383115838	2.96028944690681
9	8	1.28558764453367	0.379656961245783	0.760345316287277	2.01943680267544
12	10	1.54081374240382	0.48568818311703	0.700000000000045	2.11896201004172
12	9	1.59345176992711	0.357180799571913	0.94280904158212	2.13437474581101
13	10	1.68740981053687	0.502641155601029	0.707106781186548	2.54950975679639
15	11	1.77069529367834	0.633899250346623	0.530086535895003	2.76489205922648
7	7	1.18143292810155	0.394000817969522	0.769309258162026	1.85714285714281
9	8	1.25389972092643	0.402629469687243	0.625	1.625
13	11	1.67360288451271	0.596722865607782	0.692343009623982	2.80053123649988
14	11	1.68719632690159	0.599983437052821	0.582102203402954	2.67526163082959
7	7	1.15678447228734	0.3622670834853	0.728431359084741	1.72022779697039
12	11	1.58756386906011	0.674423882454595	0.454545454545467	2.52753432262869
10	8	1.36135515908726	0.290193264612593	0.901387818865997	1.67705098312484
14	11	1.65100738446537	0.546779667572384	0.582102203403025	2.57129738613286
18	14	2.02647562831046	0.869276380573466	0.257539376818924	3.36927897573445
16	17	2.12084071491745	1.0751808688322	0.588235294117612	3.84158632170729
14	14	1.77103080674573	0.663310254558505	0.257539376818845	2.96320978752739
10	10	1.45236469343405	0.583640983196191	0.806225774829855	2.61725046566055
7	6	1.08531432618137	0.210511366932283	0.666666666666629	1.33333333333337
12	9	1.5404767103801	0.309947265265622	0.801233616769846	1.96575622366153
10	9	1.39335117764883	0.506066556830385	0.598351645237158	2.29061423645426
11	8	1.50405908117477	0.311739122241196	1.00778221853732	1.9405218370325
11	10	1.47417848952304	0.516524714827446	0.600000000000023	2.08806130178212
9	8	1.24300609138855	0.3561051203942	0.673145600891813	1.78972763290954
10	9	1.38708719217387	0.546087303944566	0.47140452079106	2.13437474581097
8	7	1.15868003941698	0.212639761797923	0.868966075756859	1.42857142857147
11	10	1.52925288694702	0.679253713839085	0.447213595499933	2.72029410174709
9	8	1.24300609138855	0.3561051203942	0.673145600891813	1.78972763290954
14	13	1.6906615054841	0.61027281165349	0.392232270276452	2.61651559256853
12	10	1.56630297872076	0.48651308189037	0.899999999999977	2.28254244210268
13	12	1.79256004654447	0.727862648504536	0.583333333333329	3.05618680348204
29	22	2.59605175464059	1.02860874407353	0.143739893643994	4.11457799368489
10	9	1.50077635319794	0.539333119903743	0.888888888888914	2.33597733795871
13	11	1.58982378409668	0.630935947803934	0.406557814090895	2.27272727272733
15	13	1.8171235870361	0.90355136251535	0.516015687115352	3.26356975932258
9	8	1.28558764453367	0.379656961245783	0.760345316287277	2.01943680267544
28	21	3.02909262038817	1.48128741626383	0.98169181562325	5.59011923903019
7	6	1.1380711874577	0.195262145875635	1	1.4142135623731
10	9	1.40573527986369	0.520405518027494	0.64788354387165	2.27980939207596
14	11	1.76319773652099	0.528737641929679	0.838140405208385	2.57129738613285
8	6	1.24535599249993	0.180060504491818	1.11803398874989	1.5
14	14	1.84800185212713	0.781280588915604	0.575875553449921	2.81123837916494
9	9	1.30459154359359	0.545931226789687	0.333333333333371	2.10818510677891
9	8	1.32408521086976	0.429299842017179	0.75	2.01556443707464
7	6	1.08531432618138	0.210511366932236	0.666666666666742	1.33333333333326
11	10	1.5577924694158	0.642870610800825	0.399999999999977	2.59999999999998
16	17	2.11755206438406	1.03254358988056	0.670691426528863	3.62708000222779
10	9	1.34771339930976	0.597082992132395	0.400616808384844	2.24708315735069
7	6	1.12640902311105	0.346542351730496	0.527046276694727	1.50923085635624
8	7	1.15868003941698	0.212639761797913	0.868966075756915	1.42857142857142
12	12	1.64693678357887	0.663609078202416	0.589255650988836	2.64837476367844
13	10	1.6385216987212	0.394013505885007	1.07703296142689	2.08806130178212
10	9	1.39318139239647	0.481544508901367	0.702728368926255	2.2470831573507
14	10	1.71602919990648	0.418621290748956	0.824621125123544	2.2090722034375
13	12	1.63880092443283	0.727742610993665	0.186338998125016	2.65230507713988
8	7	1.15868003941698	0.212639761797923	0.868966075756859	1.42857142857147
10	9	1.36892839775955	0.568828538318017	0.496903994999929	2.29061423645421
7	6	1.12640902311105	0.3465423517305	0.527046276694736	1.50923085635624
8	7	1.19880901106742	0.33745720194836	0.769309258162024	1.73793215151373
7	6	1.1380711874577	0.195262145875635	1	1.4142135623731
8	7	1.15868003941698	0.212639761797913	0.868966075756915	1.42857142857142
13	11	1.64651673201158	0.79235448279953	0.454545454545359	2.80053123649993
8	7	1.15868003941698	0.212639761797923	0.868966075756859	1.42857142857147
12	13	1.76856827404955	0.908200958994694	0.448534761141951	3.25358245885491
12	22	2.77272727272727	1.60061971469627	0.5	5.5
4	6	0.833333333333333	0.471404520791032	0.5	1.5
12	22	2.77272727272727	1.60061971469627	0.5	5.5
5	5	0.84780147652018	0.285013431982078	0.447213595499958	1.26491106406739
4	4	0.707106781186548	0	0.707106781186548	0.707106781186548
3	4	0.695194101601104	0.451890651705735	0.25	1.25
26	50	6.26	3.61419423938449	0.5	12.5
4	4	0.707106781186548	0	0.707106781186548	0.707106781186548
1	1	0	0	0	0
43	84	10.5	6.07590871118606	0	21
2	2	0.5	0	0.5	0.5
3	4	0.5	0.5	0	1
13	24	3	1.77951304200522	0	6
4	6	0.833333333333333	0.471404520791032	0.5	1.5
6	6	0.912022659166597	0.291344016299214	0.5	1.11803398874989
6	6	0.912022659166597	0.291344016299214	0.5	1.11803398874989
24	46	5.76086956521739	3.32601591285309	0.5	11.5
7	9	1.22081055291104	0.640980625137989	0.314269680527323	2.23330569358242
2	2	0.5	0	0.5	0.5
10	10	1.37183472062349	0.606687315914773	0.5	2.06155281280883
6	6	0.912022659166597	0.291344016299214	0.5	1.11803398874989
4	4	0.765388203202208	0.318874424184343	0.25	1.03077640640442
6	6	0.912022659166597	0.291344016299214	0.5	1.11803398874989
4	4	0.707106781186548	0	0.707106781186548	0.707106781186548
5	5	0.84780147652018	0.285013431982079	0.447213595499933	1.26491106406733
1	1	0	0	0	0
5	6	0.969029335707809	0.447069385472291	0.600925212577353	1.64147630029934
19	36	4.5	2.62995563967658	0	9
6	7	1.03397186132706	0.442954074857463	0.404061017820913	1.73793215151373
4	4	0.707106781186548	0	0.707106781186548	0.707106781186548
6	7	1.03397186132706	0.442954074857463	0.404061017820913	1.73793215151373
3	3	0.654038835263627	0.129141962240948	0.471404520791005	0.745355992500015
8	14	1.78571428571429	1.03015750727543	0.5	3.5
1	1	0	0	0	0
9	9	1.26151003773538	0.556621049363133	0.458122847290844	2.18298696715425
3	4	0.5	0.5	0	1
2	2	0.5	0	0.5	0.5
5	8	1	0.707106781186548	0	2
1	1	0	0	0	0
5	6	0.804737854124365	0.593630344692143	0	1.4142135623731
8	9	1.2735741872078	0.57325916794118	0.400616808384844	2.24708315735069
2	2	0.5	0	0.5	0.5
34	66	8.25757575757576	4.76750556104173	0.5	16.5
2	2	0.5	0	0.5	0.5
3	4	0.5	0.5	0	1
7	12	1.5	0.957427107756338	0	3
7	7	1.01972936116367	0.379243324751385	0.319438282500012	1.54523626091318
4	4	0.707106781186548	0	0.707106781186548	0.707106781186548
7	7	1.06156675554889	0.423318405568416	0.51507875363769	1.76704526812192
6	7	1.03397186132706	0.442954074857464	0.404061017820873	1.73793215151378
6	8	1.12986671995245	0.576867571582842	0.125	2.00390244273517
4	5	0.747645981206187	0.401279811087274	0.282842712474643	1.21655250605964
9	16	2	1.22474487139159	0	4
3	3	0.654038835263637	0.129141962240898	0.471404520791085	0.745355992499913
7	7	1.0615667555489	0.423318405568405	0.51507875363773	1.7670452681218
4	6	0.833333333333333	0.471404520791032	0.5	1.5
20	38	4.76315789473684	2.74996852160276	0.5	9.5
8	8	1.19897553671656	0.499957660562601	0.559016994374947	1.95256241897666
6	7	1.03397186132706	0.442954074857464	0.404061017820873	1.73793215151378
5	5	0.84780147652018	0.285013431982078	0.447213595499958	1.26491106406739
2	2	0.5	0	0.5	0.5
5	5	0.847801476520182	0.285013431982071	0.447213595500041	1.26491106406738
8	14	1.78571428571429	1.03015750727543	0.5	3.5
8	8	1.19552517104606	0.552353659710239	0.375	2.03485257451246
2	2	0.5	0	0.5	0.5
2	2	0.5	0	0.5	0.5
17	32	4	2.34520787991171	0	8
9	11	1.49062437678093	0.733736700635089	0.385694607919906	2.74087516939663
7	7	1.01972936116367	0.379243324751389	0.319438282499923	1.54523626091307
4	5	0.747645981206189	0.401279811087271	0.282842712474653	1.21655250605965
5	5	0.847801476520181	0.285013431982076	0.447213595499983	1.2649110640674
3	3	0.654038835263622	0.129141962240973	0.471404520790965	0.745355992499989
5	5	0.847801476520182	0.285013431982072	0.447213595500034	1.26491106406737
2	2	0.5	0	0.5	0.5
3	3	0.654038835263617	0.129141962240998	0.471404520790924	0.745355992499964
4	4	0.765388203202208	0.318874424184343	0.25	1.03077640640442
7	7	1.0615667555489	0.423318405568405	0.515078753637753	1.76704526812181
4	4	0.809016994374947	0.309016994374947	0.5	1.11803398874989
6	6	0.951999392896721	0.348532543246758	0.372677996250007	1.34370962471647
1	1	0	0	0	0
3	3	0.654038835263632	0.129141962240923	0.471404520791045	0.745355992499964
5	5	0.84780147652018	0.285013431982078	0.447213595499958	1.26491106406739
1	1	0	0	0	0
6	10	1.3	0.748331477354788	0.5	2.5
3	3	0.654038835263632	0.129141962240923	0.471404520791045	0.745355992499964
8	9	1.2735741872078	0.573259167941178	0.400616808384891	2.2470831573507
2	2	0.5	0	0.5	0.5
1	1	0	0	0	0
9	10	1.23545794050925	0.440049630419842	0.282842712474643	1.96977156035921
3	3	0.654038835263632	0.129141962240923	0.471404520791045	0.745355992499964
2	2	0.5	0	0.5	0.5
3	4	0.5	0.5	0	1
3	3	0.654038835263632	0.129141962240923	0.471404520791045	0.745355992499964
2	2	0.5	0	0.5	0.5
15	15	1.98768566357115	1.01335259441693	0.537483849886564	3.76238694920601
11	12	1.46071645130722	0.544851359946902	0.263523138347377	2.28825503629097
6	6	0.990283096264271	0.397779182640492	0.600925212577337	1.53659074288215
4	4	0.765388203202208	0.318874424184343	0.25	1.03077640640442
10	11	1.51058546943995	0.715206242470622	0.45454545454545	2.75140835462212
14	26	3.26923076923077	1.88736063790543	0.5	6.5
23	44	5.5	3.20156211871642	0	11
76	150	18.7533333333333	10.8272413640574	0.5	37.5
14	26	3.26923076923077	1.88736063790543	0.5	6.5
1	1	0	0	0	0
2	2	0.5	0	0.5	0.5
7	8	1.17168226167032	0.560946234221369	0.25	2.01556443707464
3	3	0.654038835263627	0.129141962240948	0.471404520791005	0.745355992500015
8	8	1.14412280563537	0.437016024448821	0.707106781186548	1.58113883008419
12	22	2.77272727272727	1.60061971469627	0.5	5.5
3	3	0.654038835263622	0.129141962240973	0.471404520790965	0.745355992499989
6	6	0.981058252895446	0.38553315750639	0.471404520791005	1.49071198499993
12	13	1.74720714624688	0.863761400012269	0.448534761141951	3.25358245885491
4	4	0.707106781186548	0	0.707106781186548	0.707106781186548
13	14	1.89042785568297	0.949090258287515	0.557874976850385	3.68740271404017
5	8	1	0.707106781186548	0	2
10	10	1.41611689730762	0.60383187491208	0.360555127546434	2.30867927612308
2	2	0.5	0	0.5	0.5
4	6	0.888892386661052	0.515194992688762	0.527046276694727	1.71593835683117
7	8	1.1069652316692	0.493333534108056	0.176776695296637	1.87916204729661
6	8	1.12423682407716	0.650839122509476	0.25	2.13600093632938
3	3	0.654038835263625	0.12914196224096	0.471404520790985	0.745355992500002
2	2	0.5	0	0.5	0.5
5	5	0.84780147652018	0.285013431982078	0.447213595499958	1.26491106406739
4	5	0.747645981206174	0.401279811087298	0.282842712474603	1.21655250605963
7	9	1.22081055291104	0.640980625137989	0.314269680527323	2.23330569358242
6	6	0.998450797485762	0.412022659166597	0.707106781186548	1.58113883008419
4	4	0.707106781186548	0	0.707106781186548	0.707106781186548
15	28	3.5	2.06155281280883	0	7
3	3	0.654038835263632	0.129141962240923	0.471404520791045	0.745355992499964
2	2	0.5	0	0.5	0.5
3	3	0.654038835263622	0.129141962240973	0.471404520790965	0.745355992499989
7	7	1.25550661418386	0.548866251603024	0.515078753637753	2.03038148622172
4	5	0.747645981206177	0.401279811087292	0.282842712474613	1.21655250605963
3	4	0.5	0.5	0	1
6	6	0.912022659166597	0.291344016299214	0.5	1.11803398874989
6	6	0.990283096264271	0.397779182640492	0.600925212577329	1.53659074288215
4	4	0.765388203202208	0.318874424184343	0.25	1.03077640640442
3	3	0.654038835263632	0.129141962240923	0.471404520791045	0.745355992499964
5	6	0.928570976434033	0.439672033770516	0.527046276694718	1.50923085635623
13	24	3	1.77951304200522	0	6
16	30	3.76666666666667	2.17460085737335	0.5	7.5
3	3	0.654038835263634	0.129141962240914	0.471404520791059	0.745355992499946
1	1	0	0	0	0
3	4	0.5	0.5	0	1
14	26	3.26923076923077	1.88736063790543	0.5	6.5
8	14	1.78571428571429	1.03015750727543	0.5	3.5
2	2	0.5	0	0.5	0.5
6	10	1.3	0.748331477354788	0.5	2.5
6	6	0.912022659166597	0.291344016299214	0.5	1.11803398874989
8	14	1.78571428571429	1.03015750727543	0.5	3.5
5	5	0.84780147652018	0.285013431982079	0.447213595499933	1.26491106406733
7	7	1.06156675554889	0.423318405568416	0.51507875363769	1.76704526812192
8	14	1.78571428571429	1.03015750727543	0.5	3.5
8	8	1.16071745894615	0.496472537505945	0.395284707521047	1.97642353760524
6	8	1.07894390111232	0.522857588882978	0.559016994374947	1.67705098312484
5	5	0.84780147652018	0.285013431982079	0.447213595499933	1.26491106406733
2	2	0.5	0	0.5	0.5
5	5	0.84780147652018	0.285013431982078	0.447213595499958	1.26491106406739
8	8	1.14412280563537	0.437016024448821	0.707106781186548	1.58113883008419
5	7	0.9506899699083	0.529019896131999	0.319438282499923	1.72022779697039
7	12	1.5	0.957427107756338	0	3
6	6	0.912022659166597	0.291344016299214	0.5	1.11803398874989
9	16	2	1.22474487139159	0	4
5	6	0.928570976434036	0.439672033770509	0.527046276694736	1.50923085635624
4	6	0.833333333333333	0.471404520791032	0.5	1.5
3	4	0.5	0.5	0	1
5	8	1	0.707106781186548	0	2
9	9	1.28347141768977	0.572721365018557	0.496903994999942	2.26623089493008
4	6	0.833333333333333	0.471404520791032	0.5	1.5
10	12	1.5291546646337	0.791810450427864	0.343592135468067	2.81982071928151
8	14	1.78571428571429	1.03015750727543	0.5	3.5
4	4	0.707106781186548	0	0.707106781186548	0.707106781186548
4	4	0.707106781186548	0	0.707106781186548	0.707106781186548
2	2	0.5	0	0.5	0.5
1	1	0	0	0	0
3	3	0.654038835263634	0.129141962240915	0.471404520791058	0.745355992499948
11	11	1.51455639629609	0.718356650843085	0.530086535895052	2.76489205922649
4	5	0.747645981206187	0.401279811087274	0.282842712474643	1.21655250605964
7	7	1.11445850577669	0.476833297918701	0.319438282499897	1.72022779697039
5	8	1	0.707106781186548	0	2
2	2	0.5	0	0.5	0.5
5	5	0.84780147652018	0.285013431982078	0.447213595499958	1.26491106406739
1	1	0	0	0	0
5	5	0.84780147652018	0.285013431982079	0.447213595499933	1.26491106406733
12	12	1.61258512268904	0.752486470807702	0.707106781186548	2.54950975679639
21	40	5	2.91547594742265	0	10
3	4	0.5	0.5	0	1
6	6	0.912022659166597	0.291344016299214	0.5	1.11803398874989
2	2	0.5	0	0.5	0.5
12	14	1.8316170430351	0.921553384409405	0.606091526731269	3.45525332069928
5	5	0.84780147652018	0.285013431982078	0.447213595499958	1.26491106406739
2	2	0.5	0	0.5	0.5
5	8	1	0.707106781186548	0	2
4	4	0.707106781186548	0	0.707106781186548	0.707106781186548
3	4	0.5	0.5	0	1
2	2	0.5	0	0.5	0.5
3	4	0.5	0.5	0	1
8	9	1.31195762356639	0.61443683651357	0.351364184463154	2.31207244963167
3	4	0.5	0.5	0	1
4	6	0.833333333333333	0.471404520791032	0.5	1.5
6	6	0.912022659166597	0.291344016299214	0.5	1.11803398874989
2	2	0.5	0	0.5	0.5
6	6	0.912022659166597	0.291344016299214	0.5	1.11803398874989
6	6	0.990283096264271	0.397779182640493	0.600925212577353	1.53659074288216
2	2	0.5	0	0.5	0.5
1	1	0	0	0	0
6	7	1.03397186132706	0.442954074857458	0.404061017820873	1.73793215151385
3	3	0.654038835263625	0.12914196224096	0.471404520790985	0.745355992500002
10	10	1.52787793499891	0.745378437938394	0.100000000000023	2.75862284482673
5	5	0.84780147652018	0.285013431982078	0.447213595499958	1.26491106406739
6	6	0.912022659166597	0.291344016299214	0.5	1.11803398874989
6	6	0.912022659166597	0.291344016299214	0.5	1.11803398874989
12	22	2.77272727272727	1.60061971469627	0.5	5.5
4	4	0.707106781186548	0	0.707106781186548	0.707106781186548
2	2	0.707106781186548	0	0.707106781186548	0.707106781186548
3	3	0.654038835263632	0.129141962240923	0.471404520791045	0.745355992499964
3	3	0.654038835263637	0.129141962240898	0.471404520791085	0.745355992499913
3	4	0.5	0.5	0	1
4	4	0.765388203202208	0.318874424184343	0.25	1.03077640640442
2	2	0.5	0	0.5	0.5
3	4	0.695194101601104	0.451890651705735	0.25	1.25
1	1	0	0	0	0
14	26	3.26923076923077	1.88736063790543	0.5	6.5
3	4	0.5	0.5	0	1
2	2	0.5	0	0.5	0.5
10	12	1.44413726849726	0.715324941519236	0.263523138347377	2.59540191706621
4	4	0.707106781186548	0	0.707106781186548	0.707106781186548
2	2	0.5	0	0.5	0.5
4	6	0.833333333333333	0.471404520791032	0.5	1.5
6	6	0.990283096264271	0.397779182640492	0.600925212577329	1.53659074288215
3	3	0.654038835263635	0.12914196224091	0.471404520791065	0.745355992499938
6	7	1.03397186132706	0.442954074857461	0.404061017820923	1.73793215151373
1	1	0	0	0	0
5	5	0.84780147652018	0.285013431982078	0.447213595499958	1.26491106406739
8	9	1.2735741872078	0.573259167941179	0.400616808384859	2.24708315735069
12	22	2.77272727272727	1.60061971469627	0.5	5.5
1	1	0	0	0	0
5	5	0.84780147652018	0.285013431982079	0.447213595499933	1.26491106406733
5	5	0.84780147652018	0.285013431982078	0.447213595499958	1.26491106406739
2	2	0.5	0	0.5	0.5
6	6	0.912022659166597	0.291344016299214	0.5	1.11803398874989
2	2	0.5	0	0.5	0.5
1	1	0	0	0	0
3	3	0.654038835263632	0.129141962240923	0.471404520791045	0.745355992499964
6	6	0.912022659166597	0.291344016299214	0.5	1.11803398874989
2	2	0.5	0	0.5	0.5
5	5	0.847801476520181	0.285013431982076	0.447213595499983	1.2649110640674
4	4	0.707106781186548	0	0.707106781186548	0.707106781186548
4	4	0.707106781186548	0	0.707106781186548	0.707106781186548
7	8	1.1069652316692	0.493333534108056	0.176776695296637	1.87916204729661
2	2	0.707106781186548	0	0.707106781186548	0.707106781186548
2	2	0.5	0	0.5	0.5
8	8	1.19552517104606	0.552353659710239	0.375	2.03485257451246
1	1	0	0	0	0
2	2	0.707106781186548	0	0.707106781186548	0.707106781186548
5	7	0.950689969908303	0.529019896131994	0.319438282499999	1.72022779697028
2	2	0.5	0	0.5	0.5
1	1	0	0	0	0
5	5	0.847801476520182	0.285013431982071	0.447213595500041	1.26491106406738
3	4	0.5	0.5	0	1
1	1	0	0	0	0
3	4	0.5	0.5	0	1
2	2	0.5	0	0.5	0.5
3	4	0.5	0.5	0	1
1	1	0	0	0	0
4	5	0.747645981206182	0.401279811087283	0.282842712474643	1.21655250605969
3	4	0.5	0.5	0	1
2	2	0.5	0	0.5	0.5
6	6	0.912022659166597	0.291344016299214	0.5	1.11803398874989
5	5	0.84780147652018	0.285013431982078	0.447213595499958	1.26491106406739
3	3	0.654038835263632	0.129141962240923	0.471404520791045	0.745355992499964
1	1	0	0	0	0
3	4	0.5	0.5	0	1
2	2	0.5	0	0.5	0.5
1	1	0	0	0	0
1	1	0	0	0	0
7	7	1.01972936116367	0.379243324751388	0.319438282499999	1.5452362609132
3	3	0.654038835263625	0.12914196224096	0.471404520790985	0.745355992500002
1	1	0	0	0	0
7	9	1.22081055291104	0.640980625137985	0.314269680527323	2.23330569358237
1	1	0	0	0	0
1	1	0	0	0	0
3	4	0.5	0.5	0	1
2	2	0.5	0	0.5	0.5
6	7	0.984052590233364	0.506093168866539	0.451753951452631	1.82946406783795
2	2	0.5	0	0.5	0.5
15	28	3.5	2.06155281280883	0	7
7	12	1.5	0.957427107756338	0	3
10	18	2.27777777777778	1.31468439624436	0.5	4.5
7	12	1.5	0.957427107756338	0	3
1	1	0	0	0	0
6	10	1.3	0.748331477354788	0.5	2.5
7	8	1.17168226167032	0.560946234221369	0.25	2.01556443707464
6	7	1.15252047701187	0.513354930591117	0.515078753637753	1.92194629243915
4	4	0.707106781186548	0	0.707106781186548	0.707106781186548
5	8	1	0.707106781186548	0	2
4	5	0.747645981206185	0.401279811087277	0.282842712474653	1.21655250605969
3	4	0.695194101601104	0.451890651705735	0.25	1.25
1	1	0	0	0	0
5	5	0.84780147652018	0.285013431982079	0.447213595499933	1.26491106406733
3	4	0.5	0.5	0	1
3	4	0.695194101601104	0.451890651705735	0.25	1.25
2	2	0.5	0	0.5	0.5
4	4	0.707106781186548	0	0.707106781186548	0.707106781186548
3	3	0.654038835263624	0.129141962240963	0.47140452079098	0.745355992499999
3	4	0.695194101601104	0.451890651705735	0.25	1.25
5	6	0.928570976434035	0.439672033770513	0.527046276694727	1.50923085635624
1	1	0	0	0	0
1	1	0	0	0	0
6	6	0.912022659166597	0.291344016299214	0.5	1.11803398874989
2	2	0.5	0	0.5	0.5
3	4	0.5	0.5	0	1
2	2	0.5	0	0.5	0.5
8	8	1.16071745894615	0.496472537505945	0.395284707521047	1.97642353760524
1	1	0	0	0	0
8	8	1.08543744186955	0.425676590603353	0.125	1.50519932234904
6	6	0.990283096264271	0.397779182640492	0.600925212577337	1.53659074288215
3	4	0.5	0.5	0	1
5	7	0.963214560776137	0.365297412671856	0.714285714285643	1.5386185163242
4	4	0.707106781186548	0	0.707106781186548	0.707106781186548
2	2	0.5	0	0.5	0.5
1	1	0	0	0	0
3	3	0.654038835263627	0.129141962240948	0.471404520791005	0.745355992500015
8	8	1.14412280563537	0.437016024448821	0.707106781186548	1.58113883008419
1	1	0	0	0	0
2	2	0.5	0	0.5	0.5
1	1	0	0	0	0
6	10	1.3	0.748331477354788	0.5	2.5
2	2	0.5	0	0.5	0.5
3	2	0.707106781186548	0	0.707106781186548	0.707106781186548
3	4	0.5	0.5	0	1
2	2	0.5	0	0.5	0.5
2	2	0.5	0	0.5	0.5
4	4	0.707106781186548	0	0.707106781186548	0.707106781186548
1	1	0	0	0	0
1	1	0	0	0	0
5	5	0.84780147652018	0.285013431982077	0.447213595499958	1.26491106406734
1	1	0	0	0	0
2	2	0.5	0	0.5	0.5
2	2	0.5	0	0.5	0.5
1	1	0	0	0	0
3	3	0.654038835263635	0.12914196224091	0.471404520791065	0.745355992499938
6	6	0.990283096264271	0.397779182640492	0.600925212577337	1.53659074288215
3	4	0.5	0.5	0	1
2	2	0.5	0	0.5	0.5
1	1	0	0	0	0
3	3	0.654038835263625	0.12914196224096	0.471404520790985	0.745355992500002
8	8	1.16071745894615	0.496472537505945	0.395284707521047	1.97642353760524
3	3	0.654038835263627	0.129141962240948	0.471404520791005	0.745355992500015
2	2	0.5	0	0.5	0.5
3	4	0.5	0.5	0	1
1	1	0	0	0	0
4	6	0.833333333333333	0.471404520791032	0.5	1.5
2	2	0.5	0	0.5	0.5
2	2	0.5	0	0.5	0.5
3	4	0.5	0.5	0	1
4	5	0.747645981206195	0.401279811087259	0.282842712474683	1.2165525060597
8	8	1.14412280563537	0.437016024448821	0.707106781186548	1.58113883008419
2	2	0.5	0	0.5	0.5
1	1	0	0	0	0
2	2	0.5	0	0.5	0.5
1	1	0	0	0	0
7	8	1.17168226167032	0.560946234221369	0.25	2.01556443707464
6	6	0.990283096264271	0.397779182640493	0.600925212577353	1.53659074288216
1	1	0	0	0	0
2	2	0.5	0	0.5	0.5
2	2	0.5	0	0.5	0.5
3	3	0.654038835263632	0.129141962240923	0.471404520791045	0.745355992499964
2	2	0.5	0	0.5	0.5
6	10	1.3	0.748331477354788	0.5	2.5
3	4	0.5	0.5	0	1
3	4	0.5	0.5	0	1
1	1	0	0	0	0
3	4	0.5	0.5	0	1
3	4	0.5	0.5	0	1
1	1	0	0	0	0
5	6	0.928570976434033	0.439672033770516	0.527046276694718	1.50923085635623
6	6	0.912022659166597	0.291344016299214	0.5	1.11803398874989
5	5	0.847801476520181	0.285013431982076	0.447213595499983	1.2649110640674
2	2	0.5	0	0.5	0.5
1	1	0	0	0	0
1	1	0	0	0	0
4	6	0.833333333333333	0.471404520791032	0.5	1.5
2	2	0.5	0	0.5	0.5
2	2	0.5	0	0.5	0.5
4	5	0.747645981206182	0.401279811087283	0.282842712474643	1.21655250605969
6	6	0.951999392896719	0.348532543246761	0.372677996249969	1.34370962471644
5	7	0.950689969908306	0.529019896131987	0.319438282499986	1.72022779697032
1	1	0	0	0	0
2	2	0.5	0	0.5	0.5
1	1	0	0	0	0
1	1	0	0	0	0
3	3	0.654038835263629	0.129141962240939	0.471404520791019	0.745355992499947
1	1	0	0	0	0
2	2	0.5	0	0.5	0.5
1	1	0	0	0	0
1	1	0	0	0	0
4	4	0.707106781186548	0	0.707106781186548	0.707106781186548
1	1	0	0	0	0
5	5	0.84780147652018	0.285013431982079	0.447213595499933	1.26491106406733
4	6	0.833333333333333	0.471404520791032	0.5	1.5
1	1	0	0	0	0
2	2	0.5	0	0.5	0.5
2	2	0.5	0	0.5	0.5
3	3	0.654038835263622	0.129141962240973	0.471404520790965	0.745355992499989
2	2	0.5	0	0.5	0.5
1	1	0	0	0	0
1	1	0	0	0	0
1	1	0	0	0	0
1	1	0	0	0	0
2	2	0.5	0	0.5	0.5
3	4	0.5	0.5	0	1
2	2	0.5	0	0.5	0.5
3	3	0.654038835263624	0.129141962240965	0.471404520790977	0.745355992499997
3	4	0.5	0.5	0	1
1	1	0	0	0	0
4	5	0.747645981206174	0.401279811087298	0.282842712474603	1.21655250605963
2	2	0.5	0	0.5	0.5
3	4	0.5	0.5	0	1
3	4	0.5	0.5	0	1
1	1	0	0	0	0
4	4	0.707106781186548	0	0.707106781186548	0.707106781186548
1	1	0	0	0	0
2	2	0.5	0	0.5	0.5
1	1	0	0	0	0
1	1	0	0	0	0
1	1	0	0	0	0
1	1	0	0	0	0
1	1	0	0	0	0
1	1	0	0	0	0
1	1	0	0	0	0
5	5	0.84780147652018	0.285013431982079	0.447213595499933	1.26491106406733
2	2	0.5	0	0.5	0.5
1	1	0	0	0	0
3	4	0.5	0.5	0	1
1	1	0	0	0	0
2	2	0.5	0	0.5	0.5
1	1	0	0	0	0
2	2	0.5	0	0.5	0.5
1	1	0	0	0	0
2	2	0.5	0	0.5	0.5
1	1	0	0	0	0
1	1	0	0	0	0
4	4	0.809016994374947	0.309016994374947	0.5	1.11803398874989
1	1	0	0	0	0
2	2	0.5	0	0.5	0.5
3	3	0.654038835263637	0.129141962240898	0.471404520791085	0.745355992499913
2	2	0.5	0	0.5	0.5
1	1	0	0	0	0
2	2	0.5	0	0.5	0.5
3	4	0.5	0.5	0	1
1	1	0	0	0	0
1	1	0	0	0	0
2	2	0.5	0	0.5	0.5
3	4	0.5	0.5	0	1
2	2	0.5	0	0.5	0.5
4	5	0.747645981206177	0.401279811087292	0.282842712474613	1.21655250605963
1	1	0	0	0	0
1	1	0	0	0	0
2	2	0.5	0	0.5	0.5
1	1	0	0	0	0
1	1	0	0	0	0
1	1	0	0	0	0
2	2	0.5	0	0.5	0.5
1	1	0	0	0	0
4	4	0.765388203202208	0.318874424184343	0.25	1.03077640640442
1	1	0	0	0	0
2	2	0.5	0	0.5	0.5
3	4	0.5	0.5	0	1
2	2	0.5	0	0.5	0.5
2	2	0.5	0	0.5	0.5
1	1	0	0	0	0
1	1	0	0	0	0
1	1	0	0	0	0
1	1	0	0	0	0
1	1	0	0	0	0
2	2	0.5	0	0.5	0.5
1	1	0	0	0	0
1	1	0	0	0	0
1	1	0	0	0	0
1	1	0	0	0	0
1	1	0	0	0	0
1	1	0	0	0	0
1	1	0	0	0	0
1	1	0	0	0	0
2	2	0.707106781186548	0	0.707106781186548	0.707106781186548
1	1	0	0	0	0
1	1	0	0	0	0
1	1	0	0	0	0
1	1	0	0	0	0
